affy_id symbol avg(ceu) avg(chb) avg(jpt) avg(chb+jpt) var(ceu) var(chb) var(jpt) var(chb+jpt)
207245_at UGT2B17 7.89 3.57 3.26 3.42 5.15 8.22 9.17 8.61
209732_at CLECSF2 6.96 9.06 9.08 9.07 2.61 0.75 0.8 0.76
213194_at ROBO1 7.54 5.72 5.33 5.52 3.67 2.45 2.06 2.26
214594_x_at ATP8B1 7.87 6.08 6.56 6.32 1.46 0.55 0.32 0.49
217817_at ARPC4 10.65 8.88 9.53 9.21 0.14 2.77 0.72 1.83
203892_at WFDC2 7.68 9.26 8.89 9.08 1.64 1.32 1.45 1.4
218589_at P2RY5 7.14 8.8 8.28 8.54 2.12 1.17 1.37 1.33
204429_s_at SLC2A5 9.09 10.6 10.35 10.48 0.55 0.89 0.58 0.74
203828_s_at NK4 8.49 9.89 9.84 9.87 3.85 1.13 1.97 1.53
200762_at DPYSL2 10.3 8.88 8.97 8.93 0.21 0.49 0.34 0.41
218748_s_at SEC10L1 7.45 8.86 8.65 8.76 1.41 0.43 0.33 0.38
205692_s_at CD38 8.86 10.18 10.11 10.15 1.2 0.55 0.52 0.53
205048_s_at PSPHL 7.15 7.96 8.8 8.38 2.12 3.99 1.36 2.82
210138_at RGS20 7.41 6.16 6.23 6.2 1.68 1.3 1.47 1.37
206760_s_at FCER2 10.4 9.23 9.22 9.22 0.47 0.94 0.78 0.85
207480_s_at MEIS2 6.93 5.81 5.79 5.8 1.2 0.93 0.67 0.79
202912_at ADM 8.34 9.5 9.43 9.47 1.84 0.71 1.1 0.9
217749_at COPG 9.07 7.77 8.16 7.96 0.39 0.92 0.66 0.81
209541_at IGF1 6.76 7.93 7.82 7.87 0.64 0.53 0.31 0.41
201841_s_at HSPB1 10.21 9.1 9.11 9.11 0.57 0.57 0.58 0.57
211302_s_at PDE4B 7.68 8.89 8.67 8.78 0.55 0.48 0.45 0.47
220132_s_at OCIL 8.45 9.52 9.55 9.53 1.11 0.5 0.56 0.52
220177_s_at TMPRSS3 6.14 7.24 7.18 7.21 1.62 1.34 1.19 1.25
203574_at NFIL3 7.08 8.28 8.01 8.14 0.46 0.26 0.35 0.32
221558_s_at LEF1 6.97 7.98 8.07 8.02 2.05 0.41 0.39 0.4
202842_s_at DNAJB9 9.42 10.51 10.43 10.47 0.54 0.36 0.44 0.39
202207_at ARL7 6.49 7.57 7.49 7.53 0.7 0.99 0.36 0.67
208121_s_at PTPRO 6.03 7.21 6.93 7.07 0.62 0.38 0.36 0.39
205255_x_at TCF7 10.43 9.5 9.35 9.42 0.53 0.46 0.37 0.42
209526_s_at HDGFRP3 8.98 8.18 7.77 7.98 0.64 0.66 0.69 0.71
205105_at MAN2A1 8.05 9.11 9 9.05 0.66 0.26 0.42 0.34
209367_at STXBP2 8.7 7.65 7.78 7.72 0.18 1.32 0.53 0.92
218758_s_at D21S2056E 8.4 7.28 7.56 7.42 0.49 1.02 0.5 0.77
203767_s_at STS 8.1 9.14 9 9.07 0.7 0.76 0.35 0.55
202902_s_at CTSS 10.04 11.12 10.9 11.01 0.36 0.24 0.19 0.23
204679_at KCNK1 8.49 7.38 7.68 7.53 0.98 1.15 0.85 1.01
213520_at RECQL4 7.63 6.41 6.92 6.67 0.73 1.17 0.83 1.06
222062_at IL27RA 8.5 7.57 7.53 7.55 0.31 0.43 0.27 0.35
202593_s_at MIR16 7.75 8.82 8.57 8.69 0.55 0.21 0.27 0.25
208524_at GPR15 8.25 9.27 9.1 9.18 1.09 0.69 0.34 0.52
222104_x_at GTF2H3 9.46 8.39 8.69 8.54 0.35 0.46 0.35 0.42
200800_s_at HSPA1A 7.95 7.16 6.91 7.03 0.95 1.54 0.9 1.22
217732_s_at ITM2B 9.62 10.48 10.6 10.54 0.87 0.62 0.51 0.56
206255_at BLK 8.5 7.4 7.76 7.58 0.75 0.71 1.23 0.99
202073_at OPTN 7.36 8.36 8.19 8.27 0.27 0.14 0.16 0.15
215123_at KIAA0220 7.62 6.63 6.77 6.7 0.68 0.3 0.78 0.54
209034_at PNRC1 9.82 8.93 8.88 8.9 0.43 0.3 0.25 0.27
203695_s_at DFNA5 11.71 10.72 10.88 10.8 0.25 0.9 0.54 0.72
203430_at HEBP2 9.4 8.64 8.37 8.5 0.35 0.53 0.82 0.68
202393_s_at TIEG 9.24 10.03 10.25 10.14 0.4 0.11 0.13 0.13
203349_s_at ETV5 8.04 7.06 7.23 7.14 0.61 0.64 0.22 0.44
204826_at CCNF 8.92 7.81 8.26 8.04 0.2 0.45 0.32 0.43
204936_at MAP4K2 7.15 5.96 6.59 6.27 0.68 1.68 1.01 1.43
221750_at HMGCS1 8.96 7.95 8.21 8.08 0.46 0.14 0.17 0.17
209546_s_at APOL1 8.07 9.32 8.57 8.94 1 0.67 1.03 0.98
207434_s_at FXYD2 7.53 6.63 6.69 6.66 1.55 0.89 0.49 0.68
200722_s_at M11S1 9.89 10.85 10.66 10.76 0.42 0.28 0.25 0.27
201212_at LGMN 9.54 10.44 10.39 10.41 0.82 0.58 0.45 0.51
209269_s_at SYK 6.5 7.37 7.37 7.37 0.75 0.16 0.18 0.17
219505_at CECR1 8.92 9.91 9.63 9.77 0.99 0.49 0.51 0.52
Supplementary Table 1: 1,097 genes that are significantly different in expression levels between CEU & CHB+JPT samples (see
footnote)
Page 1 of 18
396_f_at EPOR 9.06 10.14 9.65 9.9 0.28 0.24 0.2 0.28
211317_s_at CFLAR 8.56 9.43 9.36 9.4 1.2 0.27 0.34 0.3
206545_at CD28 5.79 6.59 6.66 6.63 0.76 0.4 0.41 0.4
207813_s_at FDXR 9.53 8.56 8.84 8.7 0.21 0.38 0.28 0.34
204432_at SOX12 6.68 5.82 5.88 5.85 0.37 0.88 0.33 0.6
203293_s_at LMAN1 6.76 7.59 7.58 7.59 0.99 0.88 0.24 0.56
203307_at GNL1 8.31 7.47 7.51 7.49 0.25 0.11 0.08 0.1
202688_at TNFSF10 8.09 9.06 8.76 8.91 0.65 0.31 0.66 0.5
209339_at SIAH2 8.43 9.22 9.25 9.23 0.42 0.16 0.29 0.22
202742_s_at PRKACB 6.44 7.32 7.16 7.24 0.41 0.64 0.44 0.54
218400_at OAS3 9.93 10.76 10.71 10.73 0.5 0.23 0.19 0.21
214224_s_at PIN4 9.76 8.94 8.98 8.96 0.25 0.1 0.16 0.13
202766_s_at FBN1 8.51 7.73 7.7 7.71 0.52 0.35 0.27 0.31
204249_s_at LMO2 9.27 8.26 8.67 8.47 0.92 0.92 0.89 0.94
202855_s_at SLC16A3 8.43 9.46 8.99 9.23 1.28 0.46 0.75 0.65
202839_s_at NDUFB7 8.7 7.82 7.97 7.9 0.18 0.19 0.18 0.19
201791_s_at DHCR7 9.64 8.8 8.88 8.84 0.23 0.18 0.16 0.17
203087_s_at KIF2 9.24 10.02 10.06 10.04 0.23 0.1 0.08 0.09
202154_x_at TUBB3 10.59 9.81 9.79 9.8 0.2 0.11 0.12 0.11
208445_s_at BAZ1B 9.68 8.83 8.94 8.89 0.14 0.24 0.14 0.19
202100_at RALB 9.71 10.48 10.51 10.5 0.15 0.19 0.1 0.14
209172_s_at CENPF 7.27 6.37 6.61 6.49 0.26 0.15 0.17 0.17
211336_x_at LILRB1 7.64 8.49 8.34 8.42 0.52 0.32 0.13 0.22
206468_s_at KIAA0859 7.39 8.17 8.17 8.17 0.49 0.2 0.18 0.19
208336_s_at GPSN2 9.07 8.29 8.3 8.29 0.19 0.19 0.16 0.17
209882_at RIT1 8.02 8.88 8.69 8.79 0.37 0.27 0.19 0.24
209457_at DUSP5 10 10.83 10.71 10.77 0.35 0.17 0.21 0.19
208666_s_at ST13 8.13 8.93 8.87 8.9 0.35 0.07 0.09 0.08
210188_at GABPA 6.35 7.15 7.08 7.11 0.82 0.28 0.4 0.34
214804_at FSHPRH1 7.55 6.72 6.85 6.79 0.22 0.31 0.2 0.26
35150_at TNFRSF5 10.48 11.38 11.11 11.24 0.34 0.29 0.38 0.35
212099_at RHOB 7.87 8.59 8.66 8.62 0.64 0.48 0.84 0.65
207339_s_at LTB 8.96 8.23 8.17 8.2 0.85 0.89 0.66 0.77
219960_s_at UCHL5 9.72 10.51 10.44 10.47 0.15 0.12 0.09 0.11
210338_s_at HSPA8 12.63 13.43 13.33 13.38 0.91 0.2 0.22 0.21
214054_at DOK2 6.73 7.56 7.4 7.48 0.74 0.3 0.26 0.29
207598_x_at XRCC2 8.12 7.39 7.36 7.37 0.3 0.25 0.33 0.29
215836_s_at DHGA3 /// PCDHG 8.33 7.58 7.6 7.59 0.38 0.24 0.35 0.29
208453_s_at XPNPEP1 8.77 9.59 9.43 9.51 0.3 0.21 0.25 0.24
210639_s_at APG5L 7.64 8.42 8.35 8.38 0.31 0.34 0.25 0.29
220146_at TLR7 8.02 8.71 8.81 8.76 0.45 0.25 0.21 0.23
209595_at GTF2F2 6.81 6.02 6.12 6.07 0.34 0.32 0.35 0.33
202298_at NDUFA1 12.11 11.26 11.5 11.38 0.15 0.13 0.13 0.14
218036_x_at NMD3 8.66 9.39 9.4 9.39 0.47 0.21 0.15 0.18
212739_s_at NME4 10.32 9.62 9.57 9.59 0.47 0.26 0.26 0.26
209764_at MGAT3 8.17 7.53 7.36 7.44 0.35 0.45 0.85 0.65
205554_s_at DNASE1L3 7.74 7.04 6.99 7.01 0.85 0.3 0.4 0.35
208079_s_at STK6 10.3 9.28 9.86 9.57 0.46 0.52 0.29 0.48
212952_at us includes gb:AA 10.2 9.63 9.32 9.48 0.9 0.83 0.49 0.68
220773_s_at GPHN 8.44 9.26 9.07 9.17 0.35 0.31 0.32 0.32
219664_s_at DECR2 8.11 7.55 7.22 7.39 0.32 0.4 0.8 0.62
216733_s_at GATM 9.77 10.69 10.28 10.49 0.28 0.23 0.36 0.34
33304_at ISG20 10.49 11.28 11.13 11.2 0.5 0.15 0.23 0.19
204396_s_at GRK5 8.65 9.28 9.45 9.37 0.31 0.22 0.28 0.26
212595_s_at DAZAP2 9.18 9.89 9.88 9.89 0.21 0.16 0.2 0.18
219322_s_at WDR8 8.27 7.51 7.61 7.56 0.18 0.14 0.15 0.15
204912_at IL10RA 8.24 8.96 8.93 8.95 0.2 0.11 0.24 0.17
210785_s_at C1orf38 9.04 9.72 9.77 9.75 0.31 0.25 0.25 0.24
205269_at LCP2 6.71 6.01 6 6 0.42 0.41 0.54 0.47
205170_at STAT2 7.58 6.93 6.82 6.88 0.23 0.24 0.25 0.24
201946_s_at CCT2 10.37 11.18 10.96 11.07 0.6 0.32 0.28 0.3
213812_s_at CAMKK2 9.36 10.04 10.09 10.06 0.39 0.27 0.16 0.21
201748_s_at SAFB 9.6 8.79 9.02 8.9 0.16 0.13 0.13 0.14
204759_at CHC1L 9.14 9.72 9.96 9.84 0.52 0.38 0.41 0.4
Page 2 of 18
214582_at PDE3B 6.01 6.83 6.58 6.71 0.47 0.55 0.45 0.51
200670_at XBP1 10.21 10.94 10.88 10.91 0.5 0.41 0.32 0.36
205901_at PNOC 9.85 10.55 10.53 10.54 0.42 0.17 0.11 0.14
220387_s_at HHLA3 7.52 6.78 6.87 6.83 0.31 0.38 0.36 0.37
201923_at PRDX4 10.41 11.12 11.08 11.1 0.2 0.1 0.09 0.1
200866_s_at PSAP 9.6 10.36 10.22 10.29 0.62 0.23 0.22 0.23
205544_s_at CR2 10.29 9.69 9.52 9.6 0.8 0.64 0.42 0.53
205005_s_at NMT2 6.69 7.4 7.36 7.38 0.46 0.28 0.21 0.24
209239_at NFKB1 9.95 10.73 10.53 10.63 0.23 0.16 0.06 0.12
221123_x_at ZNF395 9.62 10.45 10.15 10.3 0.8 0.21 0.44 0.34
204068_at STK3 8.43 7.78 7.73 7.75 0.67 0.37 0.43 0.39
202397_at NUTF2 10.13 9.46 9.46 9.46 0.6 0.68 0.72 0.69
218171_at VPS4B 9.1 9.69 9.85 9.77 0.16 0.21 0.17 0.2
203319_s_at ZNF148 8.38 9.14 8.96 9.05 0.33 0.11 0.07 0.1
214359_s_at HSPCB 11.66 12.38 12.28 12.33 0.58 0.25 0.22 0.23
204610_s_at DIPA 9.98 9.11 9.53 9.32 0.21 0.29 0.33 0.35
200974_at ACTA2 9.6 8.99 8.88 8.93 0.19 0.28 0.23 0.26
207275_s_at ACSL1 9.46 10.13 10.12 10.12 0.27 0.18 0.17 0.18
203232_s_at ATXN1 8.02 8.6 8.78 8.69 0.46 0.29 0.19 0.25
220789_s_at TBRG4 7.78 8.4 8.48 8.44 0.64 0.19 0.21 0.2
217786_at SKB1 9.52 10.27 10.09 10.18 0.38 0.18 0.23 0.21
33322_i_at SFN 9.95 9.33 9.25 9.29 0.19 0.12 0.12 0.12
214449_s_at RHOQ 7.7 8.18 8.53 8.35 0.65 0.56 0.64 0.62
218308_at TACC3 9.75 8.96 9.22 9.09 0.21 0.3 0.27 0.3
203395_s_at HES1 7.69 7.1 6.96 7.03 0.35 0.33 0.16 0.25
202161_at PKN1 9 8.31 8.38 8.34 0.18 0.71 0.43 0.57
203243_s_at PDLIM5 7.6 8.26 8.25 8.25 0.48 0.51 0.52 0.51
200073_s_at HNRPD 11.3 10.52 10.78 10.65 0.14 0.18 0.08 0.15
218066_at SLC12A7 9.16 9.88 9.76 9.82 0.74 0.3 0.42 0.36
202221_s_at EP300 7.36 6.47 6.94 6.71 0.23 0.58 0.36 0.52
206059_at ZNF91 8.65 9.27 9.32 9.3 0.3 0.24 0.27 0.25
221540_x_at GTF2H2 7.92 7.18 7.36 7.27 0.47 0.22 0.24 0.23
204222_s_at GLIPR1 7.64 8.5 8.07 8.28 0.29 0.11 0.19 0.2
38521_at CD22 10.54 9.82 9.97 9.9 0.31 0.33 0.16 0.25
219841_at AICDA 10.63 11.19 11.35 11.27 0.76 0.4 0.35 0.38
204567_s_at ABCG1 6.32 7.04 6.88 6.96 0.5 0.31 0.41 0.36
202006_at PTPN12 7.81 8.35 8.55 8.45 0.2 0.2 0.07 0.14
204774_at EVI2A 9.05 9.71 9.69 9.7 0.39 0.19 0.23 0.21
33760_at PEX14 8.1 7.46 7.45 7.46 0.16 0.16 0.14 0.15
218563_at NDUFA3 11.18 10.53 10.55 10.54 0.21 0.07 0.08 0.08
210910_s_at POMZP3 7.29 6.78 6.51 6.65 0.81 0.49 0.22 0.37
204158_s_at TCIRG1 10.24 9.46 9.75 9.6 0.35 0.42 0.18 0.32
202785_at NDUFA7 10.33 9.7 9.69 9.69 0.18 0.09 0.13 0.11
204716_at CCDC6 7.76 8.47 8.32 8.39 0.42 0.13 0.19 0.17
201883_s_at B4GALT1 8.92 8.18 8.39 8.28 0.38 0.67 0.86 0.77
202954_at UBE2C 11.18 10.4 10.69 10.55 0.18 0.25 0.26 0.27
218458_at GMCL1L 7.52 8.09 8.2 8.15 0.25 0.19 0.15 0.17
219275_at PDCD5 9.2 8.56 8.58 8.57 0.14 0.17 0.12 0.14
221579_s_at NUDT3 9.14 8.42 8.6 8.51 0.17 0.3 0.31 0.31
204972_at OAS2 10.18 10.9 10.71 10.81 0.33 0.14 0.16 0.16
208478_s_at BAX 8.71 8.12 8.03 8.08 0.41 0.66 0.42 0.54
200051_at SART1 8.92 8.28 8.32 8.3 0.1 0.11 0.1 0.1
203635_at DSCR3 7.92 8.53 8.57 8.55 0.28 0.16 0.12 0.14
203719_at ERCC1 8.97 8.33 8.37 8.35 0.14 0.18 0.07 0.12
202666_s_at ACTL6A 8.16 7.38 7.68 7.53 0.31 0.25 0.23 0.26
200745_s_at GNB1 10.54 11.27 11.06 11.16 0.3 0.07 0.15 0.12
202735_at EBP 9.19 8.56 8.59 8.57 0.27 0.17 0.14 0.15
200679_x_at HMGB1 12 11.32 11.44 11.38 0.27 0.12 0.25 0.18
201011_at RPN1 9.92 9.18 9.41 9.3 0.17 0.24 0.14 0.2
202054_s_at ALDH3A2 7.37 8.06 7.92 7.99 0.48 0.12 0.11 0.12
204675_at SRD5A1 8.01 8.58 8.67 8.62 0.28 0.34 0.15 0.24
201779_s_at RNF13 9.8 10.54 10.3 10.42 0.09 0.1 0.07 0.1
218696_at EIF2AK3 9.12 9.55 9.91 9.73 0.39 0.26 0.2 0.26
202270_at GBP1 7.55 8.11 8.22 8.16 0.59 0.47 0.52 0.49
Page 3 of 18
205632_s_at PIP5K1B 8.3 8.84 8.99 8.91 0.42 0.34 0.18 0.26
203333_at KIFAP3 8.56 9.2 9.15 9.17 0.34 0.12 0.15 0.13
202092_s_at ARL2BP 8.82 9.57 9.3 9.44 0.29 0.08 0.14 0.13
218662_s_at HCAP-G 9.58 8.87 9.07 8.97 0.21 0.19 0.19 0.2
203744_at HMGB3 9.25 8.5 8.78 8.64 0.16 0.28 0.21 0.26
202223_at ITM1 9.09 8.43 8.53 8.48 0.53 0.59 0.28 0.43
215905_s_at HPRP8BP 9.26 8.6 8.71 8.66 0.45 0.46 0.56 0.51
201669_s_at MARCKS 10.66 11.25 11.27 11.26 0.29 0.18 0.12 0.15
204348_s_at AK3 10.16 10.83 10.68 10.76 0.49 0.18 0.19 0.19
200984_s_at CD59 9.85 10.51 10.4 10.45 0.35 0.07 0.11 0.09
204786_s_at IFNAR2 7.9 7.36 7.24 7.3 0.71 0.33 0.23 0.28
204054_at PTEN 8.52 9.11 9.13 9.12 0.23 0.2 0.09 0.14
214697_s_at ROD1 8.16 8.85 8.67 8.76 0.32 0.24 0.17 0.21
208302_at HB-1 6.48 5.93 5.83 5.88 0.34 0.2 0.35 0.27
209118_s_at TUBA3 10.59 10 9.99 10 0.43 0.44 0.34 0.38
206925_at SIAT8D 6.84 7.48 7.39 7.44 0.51 0.5 0.35 0.42
201424_s_at CUL4A 7.46 6.7 7.05 6.87 0.29 0.26 0.23 0.27
201586_s_at SFPQ 11.15 11.66 11.82 11.74 0.33 0.06 0.2 0.14
216862_s_at MTCP1 10.24 9.58 9.72 9.65 0.15 0.11 0.14 0.13
203356_at CAPN7 7.1 7.64 7.74 7.69 0.35 0.12 0.06 0.09
203008_x_at TXNDC9 9.25 9.78 9.89 9.84 0.15 0.04 0.08 0.06
201556_s_at VAMP2 8.17 7.47 7.71 7.59 0.38 0.94 0.65 0.8
209477_at EMD 8.56 8 7.95 7.98 0.25 0.21 0.17 0.19
219683_at FZD3 5.97 6.61 6.5 6.55 0.38 0.58 0.44 0.51
203366_at POLG 7.91 7.38 7.27 7.32 0.24 0.18 0.09 0.14
200660_at S100A11 9.17 8.64 8.53 8.59 0.36 0.25 0.28 0.27
201746_at TP53 10.32 9.79 9.68 9.74 0.21 0.21 0.3 0.25
211563_s_at C19orf2 7.52 8.12 8.09 8.1 0.68 0.22 0.16 0.19
208961_s_at COPEB 8.25 8.74 8.93 8.84 0.44 0.26 0.26 0.26
202798_at SEC24B 9.17 9.62 9.89 9.75 0.22 0.19 0.13 0.17
202390_s_at HD 7.99 7.4 7.41 7.4 0.48 0.35 0.29 0.31
204207_s_at RNGTT 9.02 9.68 9.52 9.6 0.33 0.19 0.22 0.21
203898_at RCP9 7.26 6.49 6.86 6.68 0.15 0.44 0.23 0.37
33323_r_at SFN 8.52 8.04 7.84 7.94 0.31 0.23 0.15 0.2
205716_at MCFP 7.56 8.23 8.05 8.14 0.29 0.33 0.24 0.29
207630_s_at CREM 8.22 8.71 8.87 8.79 0.29 0.26 0.11 0.19
217099_s_at GEMIN4 8.37 9.06 8.83 8.95 0.3 0.18 0.23 0.21
205408_at MLLT10 7.28 7.87 7.83 7.85 0.36 0.17 0.21 0.19
218088_s_at RRAGC 9.78 10.42 10.29 10.36 0.12 0.13 0.1 0.12
210371_s_at RBBP4 10.56 9.87 10.1 9.99 0.12 0.26 0.15 0.21
204404_at SLC12A2 8.63 9.29 9.11 9.2 0.25 0.3 0.19 0.25
212552_at HPCAL1 8.93 9.6 9.4 9.5 0.63 0.28 0.37 0.33
208002_s_at BACH 10.26 9.69 9.7 9.69 0.14 0.12 0.15 0.13
208737_at ATP6V1G1 9.88 10.48 10.42 10.45 0.2 0.08 0.1 0.09
216032_s_at SDBCAG84 10.08 10.72 10.59 10.65 0.27 0.06 0.06 0.06
202820_at AHR 7.9 7.23 7.44 7.33 0.53 0.57 0.29 0.43
201653_at CNIH 10.14 10.69 10.72 10.7 0.16 0.16 0.15 0.15
200733_s_at PTP4A1 8.43 7.62 8.11 7.87 0.18 0.25 0.18 0.27
203433_at MTHFS 8.65 8.12 8.04 8.08 0.18 0.18 0.11 0.15
218237_s_at SLC38A1 10.9 11.56 11.37 11.46 0.16 0.1 0.06 0.09
202716_at PTPN1 9.54 10.22 9.99 10.1 0.14 0.17 0.14 0.17
203230_at DVL1 8.43 7.83 7.89 7.86 0.27 0.16 0.14 0.15
217902_s_at HERC2 8.47 7.91 7.89 7.9 0.16 0.13 0.19 0.16
218470_at CGI-04 8.01 7.41 7.47 7.44 0.33 0.18 0.2 0.19
219382_at SERTAD3 7.75 7.24 7.13 7.18 0.18 0.17 0.17 0.17
220319_s_at MYLIP 8.15 8.8 8.62 8.71 0.48 0.29 0.52 0.41
202395_at NSF 9.13 9.73 9.65 9.69 0.21 0.11 0.15 0.13
203226_s_at SAS 8.39 9 8.89 8.94 0.3 0.15 0.13 0.14
202314_at CYP51A1 8.1 7.41 7.67 7.54 0.4 0.42 0.23 0.34
203335_at PHYH 7.85 7.27 7.31 7.29 0.38 0.18 0.31 0.24
212501_at CEBPB 8.31 7.64 7.87 7.76 0.59 0.32 0.32 0.33
212506_at PICALM 8.52 8.97 9.18 9.07 0.2 0.14 0.1 0.13
204812_at ZW10 8.61 9.22 9.11 9.16 0.16 0.05 0.03 0.04
218227_at NUBP2 8.62 8.01 8.12 8.06 0.16 0.29 0.3 0.29
Page 4 of 18
206106_at MAPK12 7.93 7.67 7.08 7.37 0.22 0.2 0.48 0.43
213650_at GOLGIN-67 8.9 9.57 9.34 9.45 0.41 0.4 0.19 0.3
208991_at STAT3 11.36 11.95 11.87 11.91 0.2 0.14 0.14 0.14
203003_at MEF2D 6.97 6.3 6.54 6.42 0.41 0.59 0.3 0.45
202205_at VASP 9.56 8.99 9.03 9.01 0.22 0.42 0.42 0.42
201835_s_at PRKAB1 7.91 8.55 8.37 8.46 0.54 0.17 0.27 0.23
200880_at us includes gb:AL 9.68 10.26 10.19 10.23 0.32 0.09 0.17 0.13
201236_s_at BTG2 10.11 10.63 10.69 10.66 0.19 0.11 0.12 0.11
200691_s_at HSPA9B 11.48 10.76 11.09 10.93 0.09 0.34 0.29 0.34
203858_s_at COX10 9.09 9.76 9.53 9.64 0.16 0.07 0.1 0.1
209911_x_at HIST1H2BD 9.21 8.84 8.48 8.66 0.38 0.4 0.48 0.47
205371_s_at DBT 5.8 6.4 6.31 6.35 0.5 0.24 0.23 0.23
220565_at CCR10 9.03 8.51 8.46 8.48 0.46 0.27 0.42 0.34
202573_at CSNK1G2 9.33 8.72 8.85 8.78 0.12 0.08 0.08 0.08
206042_x_at SNURF 9.24 9.84 9.74 9.79 0.17 0.18 0.11 0.14
202247_s_at MTA1 8.47 7.98 7.87 7.92 0.2 0.37 0.43 0.39
210907_s_at PDCD10 10.58 11.08 11.17 11.13 0.18 0.05 0.07 0.06
219159_s_at SLAMF7 8.66 9.27 9.15 9.21 0.45 0.37 0.36 0.36
207830_s_at PPP1R8 9.29 9.84 9.82 9.83 0.13 0.05 0.06 0.05
59705_at SCLY 6.46 6.02 5.81 5.92 0.2 0.11 0.16 0.14
320_at PEX6 7.28 6.63 6.84 6.73 0.44 0.42 0.24 0.34
208132_x_at BAT2 9.13 8.54 8.63 8.58 0.15 0.27 0.24 0.25
202264_s_at TOMM40 9.78 9.22 9.26 9.24 0.21 0.1 0.11 0.1
201695_s_at NP 9.43 10.04 9.89 9.97 0.23 0.17 0.12 0.15
200828_s_at ZNF207 11.6 12.16 12.13 12.14 0.13 0.07 0.09 0.08
202562_s_at C14orf1 10 9.48 9.44 9.46 0.19 0.08 0.11 0.09
218967_s_at PTER 7.98 8.54 8.51 8.52 0.15 0.09 0.16 0.12
213566_at RNASE6 8.4 8.94 8.94 8.94 0.5 0.48 0.14 0.31
210260_s_at TNFAIP8 10.61 11.15 11.14 11.15 0.28 0.1 0.07 0.08
204367_at SP2 7.57 7.96 8.26 8.11 0.22 0.14 0.18 0.18
39729_at PRDX2 10.23 9.66 9.73 9.69 0.43 0.29 0.31 0.3
202165_at PPP1R2 7.5 7.93 8.13 8.03 0.12 0.14 0.1 0.13
200608_s_at RAD21 10.32 9.59 9.99 9.79 0.18 0.18 0.21 0.23
202505_at SNRPB2 11.02 11.48 11.63 11.55 0.09 0.06 0.04 0.05
200008_s_at GDI2 10.85 11.35 11.41 11.38 0.45 0.19 0.26 0.22
207785_s_at RBPSUH 9.39 9.88 9.95 9.92 0.28 0.14 0.17 0.16
208095_s_at SRP72 11.18 11.72 11.7 11.71 0.16 0.04 0.05 0.04
204639_at ADA 10.69 10.22 10.11 10.17 0.18 0.15 0.11 0.13
210980_s_at ASAH1 8.31 8.73 8.94 8.84 0.3 0.15 0.21 0.19
203710_at ITPR1 8.19 8.63 8.8 8.72 0.33 0.53 0.23 0.39
219892_at TM6SF1 6.92 6.47 6.32 6.4 0.32 0.41 0.21 0.31
208035_at GRM6 6.8 7.36 7.29 7.33 0.26 0.16 0.16 0.16
200085_s_at TCEB2 11.46 10.89 10.98 10.93 0.12 0.06 0.15 0.11
209786_at HMGN4 9.88 10.37 10.44 10.4 0.17 0.15 0.09 0.12
201771_at SCAMP3 9.66 10.23 10.13 10.18 0.17 0.03 0.03 0.03
216903_s_at CBARA1 9.17 9.78 9.61 9.69 0.08 0.06 0.03 0.05
211931_s_at HNRPA3 11.2 10.63 10.71 10.67 0.17 0.08 0.09 0.09
202369_s_at TRAM2 8.41 8.96 8.9 8.93 0.31 0.43 0.24 0.33
204313_s_at CREB1 8.65 9.18 9.16 9.17 0.14 0.12 0.09 0.1
37462_i_at SF3A2 9.96 9.36 9.53 9.44 0.26 0.52 0.25 0.39
35201_at HNRPL 10.26 9.9 9.58 9.74 0.24 0.25 0.23 0.27
202727_s_at IFNGR1 10.33 9.68 9.94 9.81 0.28 0.42 0.47 0.46
220091_at SLC2A6 8.27 7.73 7.77 7.75 0.34 0.25 0.15 0.2
204088_at P2RX4 8.3 8.94 8.7 8.82 0.35 0.17 0.13 0.16
204082_at PBX3 9.78 10.26 10.35 10.3 0.25 0.15 0.09 0.12
219549_s_at RTN3 9.41 8.81 8.97 8.89 0.1 0.27 0.16 0.22
203375_s_at TPP2 9.44 8.78 9.07 8.93 0.25 0.23 0.13 0.2
221218_s_at TPK1 8.49 8.97 9.05 9.01 0.18 0.14 0.1 0.12
201648_at JAK1 9.61 10.13 10.12 10.13 0.3 0.21 0.15 0.17
218680_x_at HYPK 9.6 9.08 9.1 9.09 0.17 0.13 0.23 0.18
208926_at NEU1 7.62 8.22 8.06 8.14 0.3 0.14 0.12 0.14
206562_s_at CSNK1A1 9.43 10 9.9 9.95 0.18 0.09 0.09 0.09
214431_at GMPS 10.53 9.97 10.05 10.01 0.11 0.12 0.1 0.11
202870_s_at CDC20 10.63 9.93 10.3 10.12 0.24 0.36 0.28 0.35
Page 5 of 18
202423_at MYST3 9.53 10.09 9.99 10.04 0.08 0.06 0.05 0.06
200929_at TMP21 9.8 10.35 10.28 10.32 0.27 0.22 0.13 0.18
202328_s_at PKD1 7.11 6.58 6.61 6.59 0.23 0.66 0.21 0.43
202840_at TAF15 8.83 8.45 8.19 8.32 0.29 0.45 0.45 0.46
209492_x_at ATP5I 11.26 10.66 10.84 10.75 0.08 0.07 0.08 0.08
202646_s_at NRAS 10.81 11.36 11.27 11.32 0.09 0.06 0.09 0.07
204483_at ENO3 7.27 6.79 6.73 6.76 0.17 0.44 0.27 0.35
202164_s_at CNOT8 8.6 9.18 9.04 9.11 0.23 0.11 0.13 0.12
206536_s_at BIRC4 5.57 6.11 6.06 6.08 0.48 0.25 0.34 0.29
213754_s_at PAIP1 7.98 7.48 7.46 7.47 0.27 0.11 0.11 0.1
210691_s_at SIP 8.76 8.11 8.39 8.25 0.21 0.24 0.18 0.23
210825_s_at PBP 11.51 10.96 11.05 11 0.11 0.11 0.12 0.12
200877_at CCT4 12.5 13.07 12.94 13 0.09 0.07 0.09 0.08
221539_at EIF4EBP1 9.14 8.53 8.74 8.63 0.44 0.43 0.15 0.3
201386_s_at DHX15 10.94 11.5 11.39 11.45 0.21 0.14 0.11 0.13
221840_at PTPRE 7.29 7.68 7.91 7.79 0.21 0.14 0.16 0.16
200998_s_at CKAP4 8.92 9.5 9.35 9.42 0.5 0.23 0.27 0.26
203261_at DCTN6 9.31 9.86 9.77 9.82 0.08 0.05 0.04 0.04
201360_at CST3 8.86 8.43 8.28 8.35 0.32 0.47 0.22 0.34
202592_at BLOC1S1 10.14 9.61 9.66 9.64 0.14 0.13 0.17 0.15
33307_at CGI-96 9.08 8.53 8.63 8.58 0.26 0.14 0.24 0.19
201707_at PEX19 7.7 8.18 8.23 8.21 0.13 0.1 0.1 0.1
209267_s_at SLC39A8 9.38 9.82 9.94 9.88 0.17 0.19 0.13 0.16
200593_s_at HNRPU 11 10.51 10.48 10.5 0.18 0.08 0.16 0.12
204867_at GCHFR 8.63 8.09 8.16 8.13 0.42 0.3 0.36 0.33
200797_s_at MCL1 11.56 12.01 12.12 12.06 0.18 0.13 0.12 0.12
202224_at CRK 7.89 8.4 8.38 8.39 0.15 0.09 0.08 0.09
220371_s_at SLC12A9 7.94 7.4 7.48 7.44 0.16 0.13 0.08 0.11
221508_at TAOK3 7.44 6.98 6.9 6.94 0.2 0.29 0.16 0.22
218443_s_at DAZAP1 9.68 9.22 9.14 9.18 0.14 0.21 0.2 0.2
203190_at NDUFS8 10.46 9.91 10.02 9.97 0.1 0.18 0.19 0.19
204407_at TTF2 7.7 7.06 7.35 7.21 0.24 0.45 0.14 0.31
207304_at ZNF45 6.24 6.7 6.77 6.74 0.46 0.16 0.1 0.13
201903_at UQCRC1 11.31 10.77 10.87 10.82 0.08 0.26 0.15 0.2
202548_s_at ARHGEF7 10.33 10.85 10.81 10.83 0.11 0.07 0.09 0.08
200644_at MARCKSL1 11.51 11.03 11 11.01 0.2 0.34 0.25 0.3
206975_at LTA 10.45 10 9.9 9.95 0.3 0.52 0.26 0.39
213545_x_at SNX3 10.02 10.55 10.49 10.52 0.1 0.06 0.07 0.07
204169_at IMPDH1 8.81 8.4 8.22 8.31 0.19 0.12 0.11 0.12
212120_at RHOQ 9.6 9.92 10.27 10.09 0.32 0.37 0.15 0.29
214494_s_at SPG7 9.1 8.56 8.65 8.6 0.24 0.2 0.26 0.23
205851_at NME6 7.85 8.44 8.24 8.34 0.13 0.07 0.1 0.09
221808_at RAB9A 10.5 11.09 10.89 10.99 0.23 0.12 0.13 0.14
208662_s_at TTC3 10.33 10.82 10.83 10.82 0.3 0.1 0.19 0.14
219079_at NCB5OR 8.87 9.41 9.32 9.37 0.14 0.09 0.07 0.08
205628_at PRIM2A 6.83 6.26 6.41 6.33 0.41 0.32 0.23 0.27
218203_at ALG5 10 10.51 10.48 10.5 0.1 0.1 0.09 0.09
210943_s_at CHS1 7.64 8.22 8.04 8.13 0.27 0.15 0.1 0.13
208689_s_at RPN2 11.41 12 11.81 11.91 0.19 0.09 0.07 0.09
218127_at NFYB 8.37 8.83 8.89 8.86 0.11 0.05 0.08 0.07
209884_s_at SLC4A7 7.24 6.64 6.85 6.75 0.34 0.36 0.22 0.3
209486_at SAS10 9.04 9.54 9.52 9.53 0.17 0.15 0.11 0.13
216266_s_at ARFGEF1 8.33 8.82 8.82 8.82 0.39 0.16 0.16 0.16
206724_at CBX4 6.89 7.47 7.28 7.38 0.4 0.21 0.24 0.23
210555_s_at NFATC3 8.4 8.9 8.88 8.89 0.17 0.11 0.09 0.1
220494_s_at 8678.1 /DEF=Hom 8.74 9.31 9.16 9.23 0.29 0.3 0.21 0.26
208097_s_at TXNDC 9.28 9.86 9.68 9.77 0.4 0.25 0.23 0.25
35179_at B3GAT3 7.28 6.83 6.76 6.8 0.21 0.31 0.28 0.29
200092_s_at RPL37 13.78 13.25 13.34 13.29 0.1 0.1 0.07 0.09
208819_at RAB8A 11.3 10.8 10.82 10.81 0.12 0.13 0.18 0.15
202736_s_at LSM4 10.23 9.62 9.87 9.74 0.37 0.23 0.28 0.27
201955_at CCNC 10.61 11.16 11.03 11.09 0.11 0.11 0.06 0.09
201659_s_at ARL1 8.94 9.45 9.4 9.43 0.11 0.09 0.07 0.08
200056_s_at C1D 8.19 8.5 8.84 8.67 0.22 0.2 0.17 0.21
Page 6 of 18
217967_s_at C1orf24 10.19 10.71 10.64 10.68 0.39 0.13 0.36 0.24
209321_s_at ADCY3 8.86 9.43 9.25 9.34 0.14 0.14 0.11 0.13
210301_at XDH 7.31 7.95 7.64 7.8 0.26 0.15 0.07 0.13
204766_s_at NUDT1 8.14 7.62 7.69 7.66 0.33 0.27 0.2 0.23
204362_at SCAP2 8.92 9.38 9.43 9.41 0.29 0.23 0.17 0.2
204980_at CLOCK 8.15 8.65 8.62 8.63 0.15 0.08 0.12 0.1
205671_s_at HLA-DOB 9.35 8.94 8.8 8.87 0.3 0.2 0.32 0.26
201857_at ZFR 10.3 10.78 10.77 10.78 0.11 0.11 0.12 0.11
218013_x_at DCTN4 7.86 8.36 8.33 8.34 0.24 0.21 0.17 0.19
218923_at CTBS 7 7.47 7.49 7.48 0.29 0.26 0.17 0.21
203252_at DOC-1R 9.01 8.41 8.66 8.53 0.27 0.33 0.16 0.26
210125_s_at BANF1 11.75 11.22 11.32 11.27 0.17 0.23 0.19 0.21
219373_at DPM3 8.2 7.66 7.78 7.72 0.22 0.48 0.19 0.34
208447_s_at PRPS1 9.27 9.85 9.65 9.75 0.15 0.19 0.12 0.16
202076_at BIRC2 10.11 10.6 10.57 10.59 0.17 0.09 0.14 0.11
200862_at DHCR24 10.13 9.62 9.68 9.65 0.26 0.09 0.19 0.14
213951_s_at HUMGT198A 7.34 6.96 6.77 6.87 0.26 0.2 0.19 0.2
221919_at HNRPA1 6.91 6.27 6.6 6.44 0.34 0.22 0.2 0.24
203275_at IRF2 9.49 9.98 9.96 9.97 0.24 0.38 0.29 0.33
207419_s_at RAC2 10.26 10.79 10.69 10.74 0.48 0.1 0.18 0.14
217973_at DCXR 9.35 8.83 8.92 8.88 0.16 0.3 0.23 0.26
218231_at NAGK 9.98 10.47 10.44 10.45 0.27 0.22 0.13 0.17
221497_x_at EGLN1 8.03 8.65 8.36 8.51 0.22 0.2 0.18 0.21
200055_at TAF10 11.79 11.21 11.41 11.31 0.05 0.31 0.18 0.25
220202_s_at MNAB 7.62 8.14 8.05 8.09 0.16 0.08 0.06 0.07
201432_at CAT 10.59 11.07 11.06 11.06 0.13 0.12 0.08 0.1
202934_at HK2 9.73 9.32 9.2 9.26 0.33 0.09 0.12 0.11
218386_x_at USP16 9.97 10.41 10.49 10.45 0.06 0.05 0.09 0.07
202710_at BET1 8.63 9.12 9.1 9.11 0.14 0.1 0.1 0.1
201624_at DARS 9.83 9.22 9.51 9.36 0.2 0.25 0.12 0.21
203576_at BCAT2 9.26 8.79 8.8 8.79 0.07 0.11 0.1 0.11
218671_s_at ATPIF1 11.01 10.48 10.59 10.54 0.04 0.07 0.06 0.07
201146_at NFE2L2 8.82 9.09 9.49 9.29 0.21 0.2 0.18 0.23
202332_at CSNK1E 8.42 7.96 7.92 7.94 0.24 0.17 0.16 0.16
203521_s_at ZNF318 9.42 9.87 9.9 9.89 0.28 0.18 0.2 0.19
209678_s_at PRKCI 8.71 9.28 9.07 9.18 0.21 0.12 0.15 0.14
213344_s_at sus includes gb:H5 8.22 7.79 7.7 7.75 0.25 0.09 0.09 0.09
218379_at RBM7 8.53 8.85 9.14 9 0.29 0.17 0.1 0.16
200925_at COX6A1 13.01 12.56 12.52 12.54 0.08 0.03 0.04 0.03
201317_s_at PSMA2 11.81 12.29 12.27 12.28 0.14 0.08 0.06 0.07
203524_s_at MPST 9.14 8.7 8.65 8.68 0.15 0.11 0.11 0.11
200655_s_at CALM1 11.07 10.45 10.76 10.6 0.14 0.29 0.22 0.28
203966_s_at PPM1A 9.87 10.36 10.3 10.33 0.22 0.08 0.14 0.11
202313_at PPP2R2A 10.36 10.84 10.8 10.82 0.1 0.1 0.11 0.1
217759_at TRIM44 9.68 10.2 10.09 10.14 0.07 0.07 0.06 0.06
209179_s_at LENG4 8.46 8.13 7.87 8 0.16 0.09 0.13 0.12
201201_at CSTB 11.6 11.21 11.07 11.14 0.21 0.18 0.17 0.18
202130_at RIOK3 10.79 11.19 11.32 11.26 0.15 0.1 0.09 0.09
209077_at TXN2 10.27 9.81 9.8 9.8 0.15 0.07 0.07 0.07
221649_s_at PPAN 9.44 8.87 9.09 8.98 0.19 0.23 0.31 0.28
204649_at TROAP 8.97 8.46 8.56 8.51 0.12 0.1 0.15 0.13
213598_at us includes gb:W8 8.96 9.52 9.32 9.42 0.08 0.24 0.26 0.26
213262_at SACS 8.48 7.91 8.14 8.02 0.24 0.18 0.18 0.2
206491_s_at NAPA 9.64 10.18 10.03 10.1 0.23 0.09 0.16 0.13
201037_at PFKP 11.11 11.62 11.52 11.57 0.14 0.17 0.23 0.2
203791_at DMXL1 8.91 8.26 8.65 8.45 0.33 0.29 0.26 0.31
204659_s_at GFER 7.94 7.4 7.57 7.48 0.14 0.13 0.15 0.15
203391_at FKBP2 8.87 8.34 8.48 8.41 0.23 0.34 0.22 0.28
204780_s_at TNFRSF6 10.02 10.5 10.45 10.47 0.3 0.16 0.15 0.15
206200_s_at ANXA11 11.03 11.43 11.56 11.49 0.14 0.16 0.07 0.12
208885_at LCP1 12.8 13.36 13.16 13.26 0.32 0.15 0.12 0.14
213041_s_at ATP5D 10.47 9.96 10.07 10.02 0.09 0.39 0.38 0.38
203655_at XRCC1 8.46 8.04 7.97 8 0.12 0.12 0.17 0.14
213878_at RECQL 8.65 9.15 9.06 9.1 0.1 0.11 0.13 0.12
Page 7 of 18
201568_at QP-C 12.31 11.82 11.88 11.85 0.11 0.06 0.09 0.08
201634_s_at CYB5-M 8.51 7.97 8.13 8.05 0.13 0.16 0.15 0.16
215093_at NSDHL 7.44 6.94 7.02 6.98 0.24 0.16 0.08 0.12
219910_at HYPE 8.13 8.73 8.44 8.59 0.22 0.1 0.2 0.17
218025_s_at PECI 8.79 9.28 9.22 9.25 0.36 0.16 0.1 0.13
216958_s_at IVD 8.06 7.66 7.54 7.6 0.17 0.08 0.1 0.09
201989_s_at CREBL2 8.66 9.11 9.12 9.12 0.12 0.15 0.09 0.12
202346_at HIP2 8.63 9.02 9.15 9.09 0.18 0.08 0.05 0.07
208082_x_at 30757.1 /DEF=Hom 8.66 8.26 8.16 8.21 0.17 0.13 0.14 0.13
209311_at BCL2L2 7.83 8.31 8.26 8.28 0.27 0.06 0.1 0.08
219762_s_at RPL36 13.37 12.84 13 12.92 0.12 0.11 0.11 0.12
203718_at NTE 9.2 8.75 8.75 8.75 0.11 0.33 0.21 0.27
201394_s_at RBM5 9.04 9.41 9.56 9.49 0.19 0.09 0.15 0.13
214022_s_at IFITM1 12.63 13.16 13.01 13.08 0.4 0.12 0.13 0.13
219375_at CEPT1 9.31 8.84 8.88 8.86 0.34 0.32 0.23 0.27
205260_s_at ACYP1 8.2 7.77 7.73 7.75 0.16 0.17 0.14 0.15
209514_s_at RAB27A 9.05 9.52 9.47 9.49 0.28 0.16 0.13 0.14
208021_s_at RFC1 8.91 9.38 9.32 9.35 0.12 0.09 0.08 0.09
202693_s_at STK17A 9.76 10.19 10.23 10.21 0.13 0.09 0.1 0.1
201266_at TXNRD1 9.69 10.11 10.16 10.14 0.11 0.06 0.16 0.11
33850_at MAP4 8.19 7.79 7.7 7.75 0.21 0.27 0.1 0.19
201574_at ETF1 10.29 10.68 10.79 10.73 0.25 0.05 0.1 0.08
204725_s_at NCK1 8.01 8.51 8.39 8.45 0.17 0.13 0.16 0.14
204137_at TM7SF1 8.12 8.53 8.59 8.56 0.27 0.18 0.26 0.21
203659_s_at RFP2 8.43 8.92 8.83 8.88 0.11 0.08 0.07 0.08
38290_at RGS14 8.15 7.76 7.65 7.7 0.13 0.17 0.08 0.13
202910_s_at CD97 8.81 8.35 8.38 8.36 0.11 0.18 0.15 0.16
217892_s_at EPLIN 9.62 10.19 9.92 10.06 0.25 0.14 0.16 0.17
203664_s_at POLR2D 8.88 9.28 9.36 9.32 0.09 0.14 0.1 0.12
35436_at GOLGA2 8.39 8 7.9 7.95 0.22 0.27 0.23 0.25
217862_at PIAS1 8.78 9.33 9.12 9.23 0.13 0.1 0.15 0.13
201059_at CTTN 8.41 8.04 7.89 7.96 0.27 0.19 0.22 0.21
213281_at us includes gb:BE 6.42 7 6.72 6.86 0.28 0.28 0.29 0.3
213798_s_at CAP1 12.23 12.79 12.54 12.67 0.11 0.09 0.03 0.07
208249_s_at TGDS 8.68 9.18 9.07 9.12 0.1 0.08 0.06 0.07
218224_at PNMA1 8.75 9.2 9.19 9.19 0.24 0.13 0.08 0.1
201339_s_at SCP2 9.71 10.14 10.15 10.15 0.08 0.07 0.06 0.07
219105_x_at ORC6L 9.45 8.91 9.12 9.01 0.14 0.13 0.09 0.12
200968_s_at PPIB 11.75 11.26 11.35 11.31 0.25 0.39 0.33 0.36
201991_s_at KIF5B 9.98 10.43 10.41 10.42 0.15 0.09 0.04 0.07
208654_s_at CD164 10.03 10.38 10.55 10.47 0.2 0.13 0.05 0.09
209303_at NDUFS4 9.9 10.43 10.25 10.34 0.12 0.09 0.06 0.09
212205_at H2AFV 9.88 9.25 9.63 9.44 0.15 0.29 0.08 0.22
200882_s_at PSMD4 11.32 10.87 10.9 10.88 0.08 0.1 0.07 0.09
202778_s_at ZNF198 8.78 8.2 8.48 8.34 0.22 0.08 0.09 0.1
208310_s_at FSTL1 8.37 8.84 8.77 8.8 0.28 0.14 0.06 0.1
218150_at ARL5 10.13 10.52 10.61 10.56 0.14 0.06 0.06 0.06
206508_at TNFSF7 11.4 10.92 11.01 10.96 0.2 0.32 0.29 0.3
209162_s_at PRPF4 9.12 9.63 9.48 9.56 0.24 0.07 0.13 0.11
201051_at ANP32A 10.96 11.46 11.32 11.39 0.16 0.05 0.09 0.07
205588_s_at FGFR1OP 8.98 8.51 8.6 8.55 0.19 0.23 0.19 0.21
218119_at TIMM23 9.26 9.64 9.75 9.7 0.31 0.06 0.15 0.1
204859_s_at APAF1 7.46 6.99 7.06 7.03 0.12 0.16 0.2 0.18
37424_at C6orf18 7.79 7.43 7.27 7.35 0.24 0.21 0.2 0.21
203732_at TRIP4 8.62 9.11 9.01 9.06 0.12 0.08 0.05 0.06
202670_at MAP2K1 10.91 11.38 11.3 11.34 0.07 0.12 0.07 0.09
202527_s_at SMAD4 7.51 7.84 8.05 7.95 0.25 0.13 0.11 0.13
202679_at NPC1 9.34 8.99 8.83 8.91 0.25 0.09 0.13 0.11
207525_s_at RGS19IP1 8.21 7.81 7.74 7.78 0.33 0.25 0.17 0.21
213879_at us includes gb:AV 8.28 7.96 7.74 7.85 0.2 0.45 0.31 0.39
204949_at ICAM3 10.98 10.43 10.67 10.55 0.14 0.25 0.13 0.21
201292_at TOP2A 10.56 9.88 10.38 10.13 0.17 0.32 0.16 0.3
42361_g_at C6orf18 6.37 6.01 5.86 5.94 0.25 0.19 0.34 0.27
204162_at KNTC2 8.87 8.25 8.63 8.44 0.22 0.33 0.2 0.3
Page 8 of 18
202950_at CRYZ 10.66 11.12 11.05 11.09 0.31 0.11 0.14 0.13
201356_at SF3A1 10.92 11.38 11.31 11.35 0.05 0.04 0.06 0.05
205873_at PIGL 8.09 8.52 8.53 8.52 0.12 0.08 0.14 0.11
208726_s_at EIF2S2 11.52 11.98 11.92 11.95 0.09 0.12 0.06 0.09
202696_at OXSR1 9.97 10.43 10.37 10.4 0.06 0.07 0.03 0.05
221589_s_at us includes gb:AW 7.75 7.16 7.48 7.32 0.23 0.17 0.31 0.26
216521_s_at C6.1A 7.87 8.49 8.11 8.3 0.31 0.23 0.28 0.29
200091_s_at RPS25 12.72 12.23 12.35 12.29 0.06 0.15 0.07 0.11
206587_at CCT6B 7.48 7.9 7.9 7.9 0.26 0.09 0.14 0.12
208631_s_at HADHA 10.09 10.53 10.5 10.51 0.34 0.04 0.04 0.04
218042_at COPS4 9.73 10.12 10.18 10.15 0.13 0.05 0.05 0.05
221306_at GPR27 7.44 8.03 7.7 7.87 0.21 0.23 0.11 0.2
37425_g_at C6orf18 7.63 7.2 7.22 7.21 0.24 0.15 0.29 0.22
206233_at B4GALT6 8.2 8.53 8.72 8.63 0.31 0.35 0.17 0.26
218007_s_at RPS27L 12.38 11.86 12.05 11.96 0.1 0.12 0.11 0.12
204453_at ZNF84 7.63 7.17 7.24 7.21 0.27 0.17 0.22 0.19
206931_at ZNF141 6.32 6.8 6.67 6.74 0.29 0.22 0.16 0.19
205917_at ZNF264 8.05 8.54 8.41 8.48 0.16 0.13 0.17 0.15
219123_at ZNF232 8.38 7.97 7.96 7.96 0.11 0.08 0.12 0.1
202926_at NAG 8.95 8.62 8.44 8.53 0.08 0.14 0.11 0.13
212817_at DNAJB5 7.59 7.25 7.1 7.17 0.2 0.12 0.16 0.14
219290_x_at DAPP1 8.52 8.02 8.19 8.1 0.18 0.19 0.15 0.18
202199_s_at SRPK1 8.41 8.93 8.73 8.83 0.2 0.12 0.09 0.11
204857_at MAD1L1 8.93 8.56 8.46 8.51 0.26 0.26 0.3 0.28
41858_at FRAG1 8.51 8.13 8.06 8.09 0.05 0.16 0.1 0.13
218735_s_at ZNF544 9.02 8.59 8.6 8.6 0.16 0.09 0.1 0.09
207769_s_at PQBP1 8.8 8.42 8.35 8.38 0.2 0.06 0.1 0.08
202061_s_at SEL1L 10.38 10.87 10.73 10.8 0.1 0.1 0.11 0.11
204460_s_at RAD1 7.94 8.4 8.32 8.36 0.18 0.11 0.12 0.11
213022_s_at UTRN 7.31 7.87 7.59 7.73 0.13 0.28 0.21 0.26
207079_s_at MED6 8.83 9.26 9.23 9.25 0.33 0.21 0.12 0.16
208684_at COPA 11.14 11.57 11.53 11.55 0.13 0.07 0.08 0.08
203383_s_at GOLGA1 8.15 8.67 8.45 8.56 0.19 0.1 0.13 0.12
220741_s_at PPA2 10.21 9.78 9.81 9.79 0.08 0.08 0.08 0.08
204372_s_at KHSRP 10.58 10.08 10.25 10.16 0.1 0.13 0.15 0.14
201275_at FDPS 11.29 10.79 10.98 10.88 0.08 0.05 0.07 0.07
220992_s_at C1orf25 7.53 7.11 7.13 7.12 0.13 0.13 0.23 0.18
204193_at CHKB 8.99 9.38 9.43 9.4 0.11 0.16 0.11 0.13
205335_s_at SRP19 10.87 10.39 10.53 10.46 0.15 0.05 0.11 0.08
213892_s_at APRT 10.46 10 10.11 10.05 0.08 0.14 0.24 0.19
201891_s_at B2M 13.96 13.52 13.57 13.55 0.13 0.17 0.12 0.14
201532_at PSMA3 11.5 11.9 11.92 11.91 0.11 0.05 0.03 0.04
203247_s_at ZNF24 8.93 9.43 9.25 9.34 0.22 0.12 0.1 0.11
210418_s_at IDH3B 10.17 10.57 10.58 10.57 0.12 0.04 0.06 0.05
210266_s_at TRIM33 10 9.61 9.57 9.59 0.24 0.15 0.1 0.13
208724_s_at RAB1A 11.79 12.18 12.22 12.2 0.11 0.07 0.06 0.06
206272_at SPHAR 7.35 7.76 7.75 7.76 0.19 0.14 0.15 0.15
202256_at CD2BP2 7.85 7.4 7.48 7.44 0.17 0.1 0.15 0.12
201494_at PRCP 9.31 9.84 9.59 9.71 0.18 0.08 0.14 0.12
210410_s_at MSH5 8.14 7.64 7.83 7.74 0.22 0.1 0.18 0.15
218003_s_at FKBP3 10.61 10.16 10.26 10.21 0.07 0.08 0.11 0.1
200048_s_at JTB 11.73 12.15 12.13 12.14 0.11 0.01 0.03 0.02
201160_s_at CSDA 11.26 10.8 10.91 10.86 0.16 0.1 0.11 0.11
202760_s_at PALM2-AKAP2 10.26 10.85 10.49 10.67 0.29 0.13 0.16 0.17
219854_at ZNF14 7.54 7.25 7.03 7.14 0.26 0.27 0.26 0.27
212881_at us includes gb:AK 7.34 6.94 6.93 6.93 0.13 0.24 0.16 0.19
208313_s_at SF1 10.49 10.76 11.02 10.89 0.32 0.11 0.21 0.17
202818_s_at TCEB3 8.79 9.39 9 9.2 0.24 0.2 0.21 0.24
209666_s_at CHUK 7.61 7.04 7.38 7.21 0.19 0.19 0.17 0.21
201606_s_at PWP1 10.52 10.9 10.95 10.92 0.11 0.04 0.05 0.04
215273_s_at TADA3L 9.3 8.81 8.99 8.9 0.1 0.2 0.16 0.19
204209_at PCYT1A 8.24 8.76 8.52 8.64 0.11 0.09 0.07 0.09
204658_at TRA2A 9.6 9.06 9.33 9.2 0.13 0.23 0.21 0.24
209406_at BAG2 8.52 8.93 8.92 8.93 0.26 0.17 0.16 0.16
Page 9 of 18
203957_at E2F6 7.02 7.36 7.49 7.42 0.2 0.13 0.2 0.17
202632_at DPH2L1 8.91 9.22 9.4 9.31 0.13 0.1 0.18 0.14
217729_s_at AES 10.07 9.61 9.74 9.67 0.15 0.23 0.26 0.24
208289_s_at EI24 8.37 7.9 8.04 7.97 0.22 0.15 0.17 0.16
206398_s_at CD19 10.84 10.44 10.44 10.44 0.09 0.07 0.1 0.09
201781_s_at AIP 9.03 9.5 9.37 9.43 0.33 0.11 0.17 0.14
201968_s_at PGM1 10.91 11.43 11.19 11.31 0.15 0.1 0.11 0.12
201827_at SMARCD2 9.01 8.52 8.69 8.61 0.07 0.1 0.07 0.09
201142_at EIF2S1 9.28 9.71 9.65 9.68 0.09 0.07 0.11 0.09
202449_s_at RXRA 8.5 8.11 8.08 8.1 0.22 0.15 0.14 0.14
202667_s_at SLC39A7 7.54 7.19 7.1 7.15 0.21 0.26 0.2 0.23
208113_x_at PABPC3 13.01 12.61 12.63 12.62 0.13 0.16 0.07 0.11
202384_s_at TCOF1 8.63 8.22 8.24 8.23 0.25 0.19 0.25 0.21
210981_s_at GRK6 9.44 9.06 9.02 9.04 0.16 0.05 0.06 0.05
212462_at MYST4 9.02 9.29 9.54 9.41 0.11 0.27 0.1 0.2
203857_s_at PDIR 9.23 9.71 9.54 9.63 0.12 0.15 0.08 0.12
208828_at POLE3 9.32 9.66 9.77 9.72 0.19 0.09 0.1 0.1
201007_at HADHB 10.72 11.13 11.1 11.12 0.08 0.05 0.06 0.06
202213_s_at CUL4B 8.27 8.67 8.66 8.66 0.25 0.28 0.16 0.22
209154_at TAX1BP3 9.26 8.76 8.97 8.86 0.19 0.2 0.11 0.17
206323_x_at OPHN1 9.85 9.44 9.46 9.45 0.18 0.14 0.14 0.14
204171_at RPS6KB1 7.26 6.78 6.95 6.86 0.21 0.23 0.21 0.22
200042_at HSPC117 10.23 10.73 10.51 10.62 0.21 0.12 0.07 0.11
212461_at us includes gb:BF 11.03 11.45 11.4 11.42 0.05 0.04 0.04 0.04
208837_at C15orf22 9.23 9.63 9.61 9.62 0.16 0.11 0.14 0.13
203098_at CDYL 8.71 9.17 9.03 9.1 0.16 0.12 0.14 0.13
208898_at ATP6V1D 9.33 9.7 9.74 9.72 0.11 0.07 0.08 0.08
204417_at GALC 7.19 7.6 7.55 7.58 0.21 0.06 0.12 0.09
208319_s_at RBM3 10.06 10.38 10.52 10.45 0.3 0.14 0.04 0.09
212955_s_at POLR2I 10.61 10.12 10.32 10.22 0.07 0.14 0.14 0.15
208848_at ADH5 8.28 8.69 8.65 8.67 0.18 0.11 0.13 0.12
205865_at ARID3A 8.83 8.33 8.55 8.44 0.14 0.21 0.19 0.21
209171_at ITPA 10.1 10.54 10.45 10.49 0.11 0.05 0.09 0.07
204951_at RHOH 9.83 10.26 10.17 10.22 0.1 0.1 0.11 0.11
217971_at MAP2K1IP1 9.33 9.61 9.84 9.72 0.12 0.08 0.06 0.08
209438_at PHKA2 7.47 7.22 6.95 7.08 0.16 0.19 0.26 0.24
206989_s_at SFRS2IP 9.13 9.31 9.74 9.52 0.23 0.31 0.1 0.25
202424_at MAP2K2 10.9 10.41 10.62 10.51 0.16 0.41 0.29 0.36
218320_s_at NDUFB11 10.43 10.01 10.07 10.04 0.12 0.15 0.19 0.17
202717_s_at CDC16 8.94 9.3 9.36 9.33 0.11 0.05 0.07 0.06
217933_s_at LAP3 11.45 11.79 11.89 11.84 0.14 0.07 0.05 0.06
212470_at SPAG9 8.63 8.98 9.05 9.01 0.15 0.04 0.12 0.08
216835_s_at DOK1 8.92 8.48 8.59 8.53 0.16 0.11 0.1 0.1
200976_s_at TAX1BP1 10.88 11.39 11.14 11.26 0.09 0.14 0.1 0.14
215148_s_at APBA3 9.12 8.77 8.7 8.73 0.18 0.18 0.18 0.18
201078_at TM9SF2 9.93 10.3 10.34 10.32 0.23 0.16 0.07 0.12
202183_s_at KIF22 8.49 7.99 8.21 8.1 0.09 0.08 0.16 0.13
208754_s_at NAP1L1 10.11 9.65 9.81 9.73 0.23 0.25 0.14 0.2
217990_at GMPR2 9.13 9.5 9.53 9.52 0.15 0.05 0.08 0.06
201256_at COX7A2L 11.6 11.99 11.99 11.99 0.07 0.05 0.06 0.05
200657_at SLC25A5 13 13.41 13.36 13.38 0.1 0.08 0.04 0.06
208998_at UCP2 12.21 11.78 11.87 11.83 0.16 0.23 0.28 0.25
218755_at KIF20A 9.31 8.79 9.05 8.92 0.11 0.21 0.13 0.18
217860_at NDUFA10 10.65 11.02 11.05 11.03 0.14 0.07 0.09 0.08
204022_at WWP2 8.43 7.95 8.13 8.04 0.1 0.09 0.07 0.09
203833_s_at TGOLN2 8.01 8.55 8.23 8.39 0.2 0.13 0.17 0.17
217912_at PP3111 9.88 9.5 9.5 9.5 0.18 0.11 0.17 0.14
200634_at PFN1 13.37 12.87 13.11 12.99 0.1 0.18 0.17 0.19
218239_s_at GTPBP4 9.59 9.8 10.13 9.97 0.24 0.22 0.18 0.23
201649_at UBE2L6 10.73 11.18 11.04 11.11 0.15 0.1 0.08 0.09
211509_s_at RTN4 11.66 11.29 11.27 11.28 0.09 0.07 0.03 0.05
219017_at ETNK1 8.18 8.5 8.62 8.56 0.21 0.17 0.09 0.13
200652_at SSR2 11.21 11.61 11.56 11.58 0.12 0.07 0.07 0.07
212223_at IDS 9.1 9.49 9.47 9.48 0.26 0.16 0.12 0.14
Page 10 of 18
204279_at PSMB9 11.8 12.12 12.24 12.18 0.09 0.1 0.09 0.1
208393_s_at RAD50 9.34 9.78 9.65 9.72 0.11 0.03 0.07 0.05
218576_s_at DUSP12 8.38 8.69 8.82 8.75 0.1 0.1 0.11 0.11
209248_at GHITM 10.44 10.79 10.84 10.82 0.09 0.27 0.24 0.25
200858_s_at RPS8 13.73 13.31 13.39 13.35 0.11 0.12 0.08 0.1
205895_s_at NOLC1 9.2 9.61 9.55 9.58 0.14 0.1 0.27 0.19
217879_at CDC27 8.9 9.27 9.28 9.28 0.08 0.1 0.03 0.07
201097_s_at ARF4 10.92 11.24 11.35 11.29 0.15 0.06 0.08 0.07
201757_at NDUFS5 12.32 11.93 11.96 11.94 0.1 0.07 0.13 0.1
201210_at DDX3X 10.9 10.33 10.72 10.52 0.14 0.24 0.15 0.23
203944_x_at BTN2A1 8.34 8.8 8.63 8.72 0.09 0.07 0.08 0.08
218896_s_at HSA277841 7.92 8.19 8.4 8.29 0.19 0.14 0.07 0.12
200947_s_at GLUD1 9.9 9.4 9.65 9.52 0.12 0.46 0.25 0.36
201415_at GSS 9.49 9.06 9.17 9.11 0.14 0.1 0.13 0.12
208695_s_at RPL39 14.22 13.84 13.87 13.85 0.11 0.11 0.08 0.1
208675_s_at DDOST 11.95 12.3 12.35 12.32 0.18 0.11 0.14 0.13
205480_s_at UGP2 10.83 11.27 11.15 11.21 0.13 0.1 0.06 0.08
201192_s_at PITPNA 8.95 9.32 9.32 9.32 0.16 0.05 0.09 0.07
205292_s_at HNRPA2B1 12.3 11.91 11.94 11.93 0.1 0.06 0.07 0.06
201194_at SEPW1 8.98 9.36 9.34 9.35 0.16 0.13 0.13 0.13
217906_at KLHDC2 9.29 9.69 9.64 9.66 0.12 0.06 0.06 0.06
202927_at PIN1 8.5 8.01 8.24 8.13 0.16 0.29 0.22 0.27
218061_at MEA 11.01 10.68 10.58 10.63 0.13 0.04 0.1 0.07
1494_f_at CYP2A6 7.16 7.72 7.35 7.53 0.23 0.13 0.12 0.16
204106_at TESK1 7.84 7.5 7.43 7.47 0.16 0.18 0.12 0.15
201141_at GPNMB 7.17 7.67 7.42 7.54 0.19 0.18 0.25 0.23
220964_s_at RAB1B 10.05 9.67 9.69 9.68 0.13 0.24 0.15 0.19
209036_s_at MDH2 11.62 12 11.97 11.99 0.11 0.09 0.09 0.09
201106_at GPX4 11.6 11.17 11.28 11.23 0.12 0.11 0.08 0.1
204247_s_at CDK5 8.72 8.39 8.32 8.35 0.12 0.17 0.2 0.18
201089_at ATP6V1B2 9.78 10.14 10.15 10.14 0.2 0.06 0.06 0.05
221547_at PRPF18 8.03 8.38 8.42 8.4 0.11 0.05 0.1 0.07
201396_s_at SGTA 7.97 7.59 7.61 7.6 0.18 0.21 0.11 0.16
203497_at PPARBP 8.62 8.92 9.05 8.98 0.14 0.05 0.06 0.06
203843_at RPS6KA3 8.25 8.69 8.54 8.61 0.08 0.16 0.08 0.12
218356_at FTSJ2 9.98 9.51 9.71 9.61 0.12 0.14 0.11 0.13
202352_s_at PSMD12 10.09 10.51 10.4 10.45 0.09 0.11 0.09 0.1
212588_at PTPRC 10.12 10.36 10.61 10.48 0.22 0.14 0.08 0.12
203688_at PKD2 7.28 6.92 6.9 6.91 0.18 0.11 0.23 0.17
200096_s_at ATP6V0E 10.95 11.23 11.4 11.31 0.17 0.06 0.08 0.08
207727_s_at MUTYH 9.54 9.17 9.17 9.17 0.12 0.08 0.1 0.09
219428_s_at PXMP4 8.78 9.28 9.02 9.15 0.1 0.07 0.05 0.08
201672_s_at USP14 11.3 11.63 11.7 11.67 0.05 0.03 0.05 0.04
217887_s_at EPS15 10.69 10.22 10.42 10.32 0.2 0.15 0.11 0.13
203406_at MFAP1 10.26 10.62 10.64 10.63 0.08 0.03 0.03 0.03
206060_s_at PTPN22 8.7 9.01 9.12 9.07 0.16 0.18 0.13 0.16
219971_at IL21R 9.31 8.92 8.98 8.95 0.11 0.22 0.21 0.21
212751_at UBE2N 9.48 9.78 9.9 9.84 0.14 0.05 0.05 0.05
201098_at COPB2 10.44 10.85 10.75 10.8 0.11 0.1 0.07 0.09
201590_x_at ANXA2 11.02 11.48 11.29 11.39 0.17 0.13 0.11 0.13
211337_s_at 76P 8.37 8.82 8.63 8.73 0.06 0.09 0.06 0.08
201859_at PRG1 12.31 11.91 12 11.95 0.12 0.12 0.08 0.1
210053_at TAF5 8.65 8.23 8.35 8.29 0.23 0.13 0.11 0.12
218138_at MKKS 7.77 8.19 8.06 8.13 0.1 0.08 0.1 0.1
200790_at ODC1 12.6 12.97 12.95 12.96 0.13 0.05 0.09 0.07
201472_at VBP1 11.03 11.34 11.45 11.39 0.04 0.04 0.04 0.05
200773_x_at PTMA 13.12 12.72 12.81 12.77 0.1 0.06 0.05 0.06
213046_at PABPN1 8.87 9.24 9.21 9.23 0.17 0.12 0.1 0.11
208794_s_at SMARCA4 9.61 9.18 9.32 9.25 0.17 0.13 0.11 0.12
201673_s_at GYS1 9.96 10.41 10.23 10.32 0.15 0.11 0.14 0.13
208804_s_at SFRS6 10.27 10.58 10.68 10.63 0.14 0.1 0.16 0.13
202813_at TARBP1 8.68 8.35 8.29 8.32 0.21 0.21 0.14 0.18
213664_at SLC1A1 9.73 10.14 10.04 10.09 0.14 0.07 0.09 0.08
219296_at ZDHHC13 8.13 7.77 7.77 7.77 0.14 0.13 0.17 0.15
Page 11 of 18
207181_s_at CASP7 8.24 8.56 8.63 8.59 0.12 0.08 0.1 0.09
218206_x_at SCAND1 9.28 8.86 8.98 8.92 0.08 0.13 0.13 0.13
206238_s_at YAF2 8.08 8.51 8.36 8.43 0.13 0.18 0.1 0.14
204283_at FARS2 8.02 8.34 8.41 8.37 0.16 0.09 0.11 0.1
200804_at TEGT 11.54 12.02 11.77 11.89 0.11 0.07 0.05 0.08
217819_at GOLGA7 10.4 10.76 10.76 10.76 0.06 0.06 0.06 0.06
201276_at RAB5B 8.96 8.61 8.61 8.61 0.09 0.23 0.15 0.19
201434_at TTC1 9.4 9.78 9.72 9.75 0.08 0.05 0.04 0.05
217882_at LOC55831 9.52 9.89 9.86 9.87 0.06 0.03 0.05 0.04
210406_s_at RAB6C /// RAB6A 9.51 9.78 9.95 9.87 0.14 0.07 0.1 0.09
202814_s_at HIS1 8.24 7.89 7.88 7.88 0.14 0.14 0.15 0.14
204300_at PET112L 8.07 7.73 7.71 7.72 0.07 0.12 0.14 0.13
200728_at ACTR2 11.57 11.91 11.94 11.93 0.19 0.06 0.08 0.07
202528_at GALE 8.2 7.88 7.82 7.85 0.17 0.13 0.34 0.23
208777_s_at PSMD11 10.76 11.16 11.06 11.11 0.13 0.04 0.08 0.06
202239_at PARP4 10.02 10.46 10.28 10.37 0.14 0.1 0.13 0.12
201783_s_at RELA 9.72 10.2 9.94 10.07 0.07 0.07 0.04 0.07
220408_x_at FAM48A 8.94 8.69 8.48 8.59 0.12 0.14 0.15 0.15
204184_s_at ADRBK2 7.58 7.97 7.91 7.94 0.15 0.15 0.1 0.13
208118_x_at LAT1-3TM 7.83 8.23 8.12 8.18 0.19 0.1 0.2 0.15
202109_at ARFIP2 9.5 9.94 9.77 9.85 0.16 0.1 0.08 0.1
202228_s_at SDFR1 9.99 10.25 10.44 10.34 0.24 0.16 0.07 0.12
202337_at PMF1 9.24 8.89 8.87 8.88 0.1 0.1 0.06 0.08
202245_at LSS 10.4 10.01 10.08 10.05 0.18 0.17 0.12 0.15
203067_at PDHX 9.16 9.45 9.57 9.51 0.08 0.07 0.05 0.06
201227_s_at NDUFB8 11.86 11.51 11.52 11.51 0.1 0.08 0.07 0.07
204838_s_at MLH3 7.28 7.64 7.61 7.63 0.19 0.18 0.2 0.19
204328_at EVER1 10.02 9.6 9.74 9.67 0.16 0.09 0.15 0.13
202399_s_at AP3S2 9.74 9.36 9.42 9.39 0.08 0.05 0.08 0.06
205126_at VRK2 10.02 10.45 10.29 10.37 0.19 0.14 0.08 0.12
205423_at AP1B1 9.24 8.93 8.86 8.89 0.11 0.2 0.15 0.17
206689_x_at HTATIP 9.06 8.69 8.73 8.71 0.11 0.05 0.14 0.09
201829_at NET1 8 7.58 7.72 7.65 0.17 0.14 0.12 0.13
217931_at TNRC5 8.93 8.54 8.62 8.58 0.19 0.12 0.16 0.14
219862_s_at NARF 9.88 9.52 9.54 9.53 0.13 0.06 0.1 0.08
213396_s_at AKAP10 7.9 8.29 8.2 8.24 0.08 0.11 0.11 0.11
202329_at CSK 11.29 10.83 11.06 10.94 0.12 0.14 0.11 0.14
204478_s_at RABIF 8.2 8.62 8.47 8.54 0.14 0.07 0.14 0.11
31861_at IGHMBP2 8.7 9.15 8.94 9.04 0.09 0.08 0.06 0.08
216221_s_at PUM2 10.52 10.96 10.77 10.86 0.03 0.09 0.09 0.1
210849_s_at VPS41 9.41 9.83 9.67 9.75 0.08 0.1 0.07 0.09
208785_s_at MAP1LC3B 9.6 9.94 9.96 9.95 0.11 0.07 0.08 0.08
212401_s_at CDC2L2 10.05 9.58 9.83 9.71 0.14 0.12 0.07 0.11
201477_s_at RRM1 11.47 11.02 11.22 11.12 0.1 0.14 0.09 0.13
209407_s_at DEAF1 8.4 8.07 8.05 8.06 0.18 0.19 0.14 0.16
201232_s_at PSMD13 9.91 9.52 9.61 9.57 0.11 0.06 0.08 0.07
204852_s_at PTPN7 9.62 9.36 9.18 9.27 0.12 0.12 0.11 0.12
209619_at CD74 14.51 14.21 14.11 14.16 0.16 0.07 0.07 0.07
206687_s_at PTPN6 11.65 11.21 11.4 11.3 0.13 0.24 0.21 0.23
212426_s_at YWHAQ 11.03 11.33 11.42 11.38 0.13 0.13 0.1 0.12
205094_at PEX12 8.09 8.54 8.33 8.44 0.12 0.12 0.12 0.12
218488_at EIF2B3 9.16 9.56 9.44 9.5 0.12 0.07 0.12 0.1
206332_s_at IFI16 11.1 10.62 10.88 10.75 0.21 0.12 0.11 0.13
211475_s_at BAG1 9.42 9.74 9.78 9.76 0.24 0.07 0.08 0.08
211963_s_at ARPC5 11.92 12.3 12.23 12.26 0.08 0.09 0.07 0.08
200926_at RPS23 14.81 14.51 14.43 14.47 0.1 0.17 0.09 0.13
208996_s_at POLR2C 9.52 9.91 9.81 9.86 0.13 0.09 0.11 0.1
203511_s_at TRAPPC3 9.24 9.58 9.59 9.58 0.18 0.06 0.05 0.05
200909_s_at RPLP2 14.04 13.69 13.71 13.7 0.06 0.07 0.05 0.06
201480_s_at SUPT5H 9.53 9.17 9.22 9.19 0.08 0.07 0.07 0.07
202740_at ACY1 8.46 7.95 8.28 8.11 0.11 0.21 0.13 0.2
204212_at PTE1 8.38 8.04 8.04 8.04 0.14 0.09 0.1 0.1
202077_at NDUFAB1 11.85 12.21 12.17 12.19 0.11 0.08 0.06 0.07
201274_at PSMA5 11.52 11.95 11.77 11.86 0.1 0.09 0.08 0.09
Page 12 of 18
200940_s_at RERE 9.76 10.16 10.04 10.1 0.23 0.09 0.11 0.11
201762_s_at PSME2 12.9 12.59 12.53 12.56 0.13 0.08 0.05 0.07
204612_at PKIA 7.87 8.31 8.12 8.21 0.11 0.1 0.2 0.16
204170_s_at CKS2 11.62 11.21 11.36 11.28 0.16 0.12 0.12 0.12
201800_s_at OSBP 9.18 9.48 9.54 9.51 0.05 0.08 0.05 0.06
208152_s_at DDX21 11.63 11.97 11.96 11.97 0.09 0.07 0.11 0.09
203599_s_at WBP4 8.17 8.56 8.46 8.51 0.1 0.1 0.08 0.09
218011_at UBL5 11.18 10.76 10.93 10.84 0.07 0.1 0.09 0.1
221041_s_at SLC17A5 7.67 8.1 7.92 8.01 0.19 0.11 0.09 0.11
203985_at ZNF212 8.14 7.88 7.73 7.8 0.07 0.06 0.11 0.09
201975_at RSN 7.39 6.86 7.23 7.05 0.14 0.2 0.2 0.23
205452_at PIGB 8.42 8.09 8.06 8.08 0.09 0.07 0.13 0.1
209224_s_at NDUFA2 11.55 11.15 11.27 11.21 0.11 0.07 0.07 0.07
205406_s_at SPA17 7.31 7.05 6.89 6.97 0.12 0.14 0.2 0.18
204937_s_at ZNF274 8.75 9.07 9.1 9.08 0.14 0.05 0.1 0.07
216091_s_at BTRC 6.97 7.39 7.23 7.31 0.16 0.14 0.09 0.12
208764_s_at ATP5G2 12.45 12.15 12.08 12.12 0.05 0.03 0.05 0.04
213086_s_at CSNK1A1 9.81 10.1 10.19 10.14 0.06 0.05 0.06 0.06
41160_at MBD3 9.67 9.35 9.33 9.34 0.09 0.1 0.11 0.1
203531_at CUL5 9.17 9.42 9.6 9.51 0.12 0.1 0.07 0.09
218703_at SEC22L2 7.1 6.81 6.73 6.77 0.14 0.14 0.09 0.11
204001_at SNAPC3 7.91 8.27 8.21 8.24 0.1 0.06 0.07 0.07
216026_s_at POLE 8.86 8.5 8.54 8.52 0.15 0.14 0.11 0.12
209833_at CRADD 7.8 8.19 8.09 8.14 0.14 0.08 0.11 0.1
219398_at CIDEC 6.97 7.43 7.18 7.3 0.17 0.16 0.15 0.17
203409_at DDB2 10.84 10.45 10.56 10.51 0.13 0.16 0.2 0.18
209093_s_at GBA 7.84 7.55 7.46 7.51 0.15 0.05 0.05 0.05
208628_s_at NSEP1 13.52 13.21 13.17 13.19 0.06 0.09 0.06 0.08
209413_at B4GALT2 8.39 8.15 7.97 8.06 0.17 0.11 0.07 0.1
201611_s_at ICMT 8.51 8.3 8.06 8.18 0.13 0.11 0.1 0.12
208946_s_at BECN1 9.19 9.48 9.57 9.52 0.2 0.07 0.05 0.06
201895_at ARAF 9.24 9.59 9.56 9.58 0.21 0.08 0.07 0.07
200888_s_at RPL23 13.62 13.19 13.39 13.29 0.1 0.07 0.08 0.09
201471_s_at SQSTM1 10.01 10.29 10.39 10.34 0.16 0.06 0.2 0.13
200089_s_at RPL4 13.33 12.99 13.01 13 0.08 0.08 0.06 0.07
200063_s_at NPM1 13.54 13.19 13.23 13.21 0.06 0.1 0.04 0.07
203782_s_at POLRMT 8.93 8.65 8.56 8.6 0.11 0.12 0.18 0.15
219212_at HSPA14 9.52 9.85 9.85 9.85 0.11 0.08 0.13 0.1
218226_s_at NDUFB4 12.42 12.08 12.11 12.1 0.06 0.02 0.03 0.03
205677_s_at DLEU1 8.64 8.93 9.01 8.97 0.12 0.13 0.11 0.12
201018_at EIF1AX 8.86 9.28 9.1 9.19 0.13 0.14 0.2 0.18
220525_s_at AUP1 9.53 9.2 9.2 9.2 0.08 0.1 0.07 0.08
204370_at HEAB 9.35 9.68 9.67 9.67 0.09 0.06 0.06 0.06
203314_at GTPBP6 8.9 9.26 9.18 9.22 0.09 0.11 0.12 0.12
200070_at C2orf24 8.99 8.58 8.75 8.66 0.11 0.18 0.09 0.14
201234_at ILK 9.9 10.28 10.17 10.23 0.08 0.12 0.14 0.13
201805_at PRKAG1 9.59 9.92 9.92 9.92 0.22 0.06 0.07 0.06
203704_s_at RREB1 9.13 8.74 8.87 8.81 0.14 0.07 0.1 0.09
209362_at SURB7 8.31 8.69 8.58 8.64 0.1 0.08 0.08 0.08
217988_at CCNB1IP1 10.33 10.67 10.65 10.66 0.14 0.08 0.08 0.08
202227_s_at BRD8 9.18 8.71 8.99 8.85 0.07 0.2 0.04 0.14
204245_s_at RPP14 8.38 8.8 8.61 8.71 0.16 0.11 0.09 0.11
209095_at DLD 10.67 11.03 10.97 11 0.11 0.09 0.06 0.08
208845_at VDAC3 12.39 12.07 12.06 12.06 0.1 0.03 0.05 0.04
204173_at MLC1SA 10.18 9.78 9.93 9.86 0.07 0.11 0.16 0.14
203554_x_at PTTG1 12.08 11.71 11.81 11.76 0.18 0.08 0.12 0.1
40569_at ZNF42 7.95 7.58 7.67 7.62 0.15 0.06 0.07 0.06
201756_at RPA2 10.32 10.7 10.59 10.65 0.07 0.05 0.07 0.06
212048_s_at YARS 10.91 11.16 11.31 11.23 0.07 0.08 0.04 0.07
221999_at VRK3 8.03 8.41 8.3 8.35 0.13 0.24 0.09 0.16
209517_s_at ASH2L 9.68 10.04 9.97 10 0.06 0.08 0.08 0.08
203358_s_at EZH2 9.23 8.79 9.02 8.91 0.14 0.09 0.07 0.09
219649_at ALG6 8.86 9.22 9.15 9.18 0.1 0.06 0.06 0.06
208066_s_at GTF2B 9.91 10.27 10.2 10.23 0.05 0.06 0.06 0.06
Page 13 of 18
206688_s_at CPSF4 9.53 9.83 9.86 9.85 0.07 0.05 0.07 0.06
202401_s_at SRF 8.24 7.87 7.97 7.92 0.17 0.1 0.13 0.12
202159_at FARSLA 9.24 8.94 8.89 8.92 0.11 0.12 0.09 0.11
201526_at ARF5 9.84 9.47 9.57 9.52 0.11 0.23 0.17 0.2
221230_s_at ARID4B 8.81 8.4 8.58 8.49 0.09 0.11 0.11 0.12
217913_at VPS4A 9.42 9.11 9.1 9.1 0.08 0.1 0.05 0.07
213180_s_at GOSR2 7.9 8.21 8.23 8.22 0.12 0.14 0.11 0.12
203805_s_at FANCA 8.75 8.44 8.41 8.43 0.17 0.13 0.16 0.15
201413_at HSD17B4 9.8 9.47 9.5 9.48 0.07 0.03 0.05 0.04
209938_at TADA2L 7.1 6.76 6.8 6.78 0.14 0.16 0.1 0.13
203090_at SDF2 8.5 8.89 8.75 8.82 0.07 0.06 0.04 0.05
202414_at ERCC5 8.48 8.17 8.15 8.16 0.21 0.08 0.07 0.08
208634_s_at MACF1 10.44 10.12 10.13 10.12 0.08 0.08 0.12 0.1
205012_s_at HAGH 7.94 7.57 7.67 7.62 0.14 0.12 0.12 0.12
201935_s_at EIF4G3 8.91 8.57 8.63 8.6 0.11 0.07 0.1 0.08
203166_at CFDP1 9.19 8.82 8.93 8.88 0.14 0.21 0.09 0.15
201209_at HDAC1 11.32 10.93 11.08 11 0.06 0.06 0.05 0.06
202596_at ENSA 11.93 11.52 11.72 11.62 0.07 0.08 0.05 0.07
200854_at NCOR1 9.25 8.88 8.99 8.94 0.08 0.08 0.04 0.06
217995_at SQRDL 10.06 10.49 10.27 10.38 0.11 0.18 0.1 0.15
202929_s_at DDT 10.1 9.73 9.84 9.78 0.15 0.11 0.12 0.12
202432_at PPP3CB 10.36 10.59 10.76 10.67 0.03 0.05 0.05 0.06
201441_at COX6B1 12.49 12.2 12.14 12.17 0.09 0.05 0.08 0.06
204459_at CSTF2 9.14 9.49 9.41 9.45 0.11 0.06 0.09 0.08
209199_s_at MEF2C 11.59 11.94 11.87 11.9 0.1 0.07 0.06 0.06
219027_s_at MYO9A 8.48 8.18 8.15 8.17 0.17 0.12 0.15 0.13
201567_s_at GOLGA4 8.4 8.66 8.77 8.72 0.13 0.1 0.14 0.12
200740_s_at SUMO3 10.92 11.22 11.25 11.24 0.08 0.05 0.06 0.05
201322_at ATP5B 12.81 13.18 13.06 13.12 0.11 0.08 0.06 0.07
211983_x_at ACTG1 14.18 13.86 13.87 13.86 0.08 0.08 0.07 0.07
206861_s_at CGGBP1 9.34 9.78 9.54 9.66 0.09 0.13 0.07 0.11
201772_at OAZIN 9.95 10.24 10.29 10.27 0.17 0.15 0.09 0.12
201268_at NME2 12.7 12.34 12.43 12.38 0.11 0.06 0.06 0.06
208821_at SNRPB 11.36 11.65 11.7 11.68 0.07 0.05 0.08 0.07
218435_at DNAJD1 10.9 11.19 11.23 11.21 0.14 0.12 0.06 0.09
201398_s_at TRAM1 10.78 11.15 11.02 11.09 0.1 0.12 0.08 0.1
214075_at SPUF 7.84 7.52 7.53 7.53 0.12 0.13 0.1 0.12
206181_at SLAMF1 10.81 11.16 11.08 11.12 0.17 0.16 0.08 0.12
200673_at LAPTM4A 9.99 10.33 10.28 10.3 0.09 0.09 0.1 0.09
205415_s_at ATXN3 7.13 6.83 6.82 6.83 0.14 0.1 0.09 0.09
215171_s_at TIMM17A 10.45 10.76 10.76 10.76 0.13 0.05 0.07 0.06
202745_at USP8 8.06 8.3 8.43 8.37 0.13 0.11 0.09 0.11
214047_s_at MBD4 9.6 9.84 9.97 9.9 0.15 0.15 0.13 0.14
204246_s_at DCTN3 10.38 10.71 10.66 10.69 0.14 0.08 0.07 0.07
200736_s_at GPX1 12.12 11.68 11.94 11.81 0.12 0.2 0.15 0.19
204835_at POLA 9.29 9.01 8.95 8.98 0.18 0.09 0.12 0.1
212082_s_at MYL6 12.6 12.23 12.36 12.29 0.06 0.04 0.05 0.05
204441_s_at POLA2 9.33 9.07 8.98 9.02 0.14 0.08 0.17 0.12
203606_at NDUFS6 11.13 10.82 10.83 10.83 0.13 0.05 0.12 0.08
33736_at STOML1 7.64 7.4 7.28 7.34 0.15 0.13 0.1 0.12
202847_at PCK2 9.99 9.64 9.72 9.68 0.15 0.07 0.15 0.11
204423_at MKLN1 7.95 8.33 8.18 8.26 0.08 0.13 0.08 0.11
208783_s_at MCP 9.29 9.57 9.62 9.59 0.16 0.08 0.11 0.09
200992_at IPO7 9.49 9.78 9.81 9.79 0.1 0.07 0.09 0.08
208841_s_at G3BP2 9.81 10.01 10.21 10.11 0.11 0.11 0.07 0.1
209510_at RNF139 9.29 9.58 9.61 9.6 0.06 0.07 0.07 0.07
200612_s_at AP2B1 8.93 9.33 9.14 9.24 0.08 0.11 0.08 0.1
202529_at PRPSAP1 8.58 8.88 8.87 8.88 0.13 0.07 0.04 0.06
200082_s_at RPS7 13.88 13.58 13.58 13.58 0.09 0.08 0.07 0.07
220948_s_at ATP1A1 11.3 11.03 10.96 11 0.07 0.08 0.05 0.07
208904_s_at RPS28 14.25 13.96 13.95 13.96 0.14 0.1 0.1 0.1
203034_s_at RPL27A 14.56 14.28 14.24 14.26 0.1 0.11 0.07 0.09
203142_s_at AP3B1 9.58 9.97 9.79 9.88 0.08 0.09 0.05 0.08
201847_at LIPA 10.16 10.48 10.43 10.46 0.17 0.09 0.08 0.08
Page 14 of 18
203185_at RASSF2 9.73 10.09 9.98 10.03 0.15 0.18 0.07 0.13
220966_x_at ARPC5L 11.17 11.39 11.55 11.47 0.15 0.08 0.1 0.1
203445_s_at CTDSP2 10.3 10.57 10.62 10.59 0.1 0.12 0.08 0.1
207614_s_at CUL1 9.37 9.68 9.65 9.66 0.1 0.04 0.04 0.04
208620_at PCBP1 12.48 12.85 12.69 12.77 0.11 0.07 0.07 0.08
200726_at PPP1CC 11.83 12.1 12.14 12.12 0.05 0.09 0.05 0.07
221020_s_at MFTC 9.39 9.59 9.78 9.69 0.11 0.08 0.13 0.11
203040_s_at HMBS 9.7 9.38 9.43 9.4 0.09 0.04 0.07 0.05
201803_at POLR2B 10.62 10.91 10.92 10.92 0.11 0.07 0.03 0.05
201351_s_at YME1L1 10.5 10.76 10.83 10.79 0.06 0.05 0.05 0.05
203274_at F8A1 10.65 10.37 10.33 10.35 0.08 0.09 0.08 0.08
221050_s_at GTPBP2 8.69 9.05 8.91 8.98 0.07 0.05 0.05 0.06
201271_s_at RALY 9.86 9.53 9.6 9.56 0.05 0.09 0.1 0.1
214440_at NAT1 8.78 9.06 9.09 9.08 0.07 0.09 0.06 0.08
218263_s_at LOC58486 9.44 9.1 9.19 9.15 0.14 0.08 0.11 0.1
201833_at HDAC2 9.73 9.44 9.43 9.43 0.15 0.08 0.13 0.11
210502_s_at PPIE 9.22 9.52 9.5 9.51 0.13 0.05 0.06 0.05
215548_s_at SCFD1 9.36 9.63 9.68 9.65 0.06 0.03 0.04 0.03
201885_s_at DIA1 11.45 11.21 11.1 11.15 0.15 0.05 0.06 0.06
202108_at PEPD 8.6 8.92 8.86 8.89 0.12 0.12 0.1 0.11
202907_s_at NBS1 9.97 10.29 10.23 10.26 0.11 0.11 0.06 0.09
204527_at MYO5A 8.7 8.92 9.07 8.99 0.1 0.13 0.12 0.13
212696_s_at RNF4 10.68 11.05 10.9 10.98 0.03 0.06 0.06 0.07
213735_s_at COX5B 12.04 11.69 11.82 11.75 0.06 0.06 0.07 0.07
201364_s_at OAZ2 9.34 9.68 9.59 9.63 0.12 0.07 0.08 0.08
200944_s_at HMGN1 12.51 12.2 12.24 12.22 0.05 0.04 0.04 0.04
203273_s_at TUSC2 8.28 8.03 7.95 7.99 0.1 0.07 0.08 0.08
209124_at MYD88 10.83 11.15 11.09 11.12 0.06 0.04 0.04 0.04
200662_s_at TOMM20 10.82 11.01 11.21 11.11 0.09 0.07 0.06 0.07
201429_s_at RPL37A 14.86 14.6 14.54 14.57 0.12 0.12 0.08 0.1
201400_at PSMB3 12.02 11.73 11.73 11.73 0.1 0.06 0.14 0.1
220143_x_at LUC7L 8 7.78 7.65 7.71 0.11 0.14 0.08 0.11
201725_at C10orf7 10.68 10.99 10.95 10.97 0.08 0.07 0.07 0.07
203528_at SEMA4D 9.68 9.99 9.94 9.96 0.13 0.08 0.07 0.07
200080_s_at H3F3A 12.5 12.12 12.31 12.22 0.11 0.15 0.09 0.13
212491_s_at DNAJC8 9.45 9.22 9.11 9.17 0.07 0.06 0.04 0.06
218405_at ABT1 8.99 9.28 9.27 9.27 0.07 0.08 0.11 0.09
206854_s_at MAP3K7 8.53 8.74 8.89 8.81 0.09 0.06 0.04 0.06
201933_at PCOLN3 9.17 8.82 8.94 8.88 0.12 0.05 0.07 0.07
201343_at UBE2D2 10.3 10.49 10.69 10.59 0.13 0.08 0.05 0.07
201433_s_at PTDSS1 11.47 11.83 11.69 11.76 0.07 0.04 0.05 0.05
203572_s_at TAF6 9.49 9.29 9.11 9.2 0.07 0.12 0.18 0.16
202544_at GMFB 10.32 10.67 10.54 10.61 0.09 0.06 0.07 0.07
203145_at SPAG5 9.76 9.47 9.49 9.48 0.05 0.12 0.11 0.12
204683_at ICAM2 9.29 9.64 9.51 9.57 0.13 0.15 0.09 0.12
202383_at SMCX 9.09 8.93 8.69 8.81 0.14 0.1 0.08 0.11
208619_at DDB1 10.67 10.95 10.95 10.95 0.13 0.06 0.06 0.06
209067_s_at HNRPDL 11.06 10.82 10.74 10.78 0.08 0.14 0.05 0.09
202116_at DPF2 8.91 8.61 8.64 8.63 0.09 0.09 0.05 0.07
215416_s_at STOML2 10.42 10.75 10.65 10.7 0.11 0.07 0.12 0.09
201503_at G3BP 10.65 10.27 10.47 10.37 0.11 0.11 0.1 0.11
203689_s_at FMR1 8.21 8.5 8.49 8.49 0.11 0.19 0.1 0.14
214988_s_at SON 10.62 10.74 11.05 10.9 0.07 0.07 0.05 0.08
217869_at HSD17B12 11.23 11.6 11.42 11.51 0.11 0.1 0.12 0.12
200067_x_at NA 10.62 10.93 10.87 10.9 0.07 0.04 0.07 0.05
220924_s_at SLC38A2 10.77 11.09 11.02 11.05 0.09 0.08 0.09 0.08
214179_s_at NFE2L1 9.39 9.1 9.11 9.11 0.1 0.06 0.1 0.08
209600_s_at ACOX1 7.82 7.58 7.51 7.54 0.1 0.14 0.16 0.15
218387_s_at PGLS 10.39 10.1 10.13 10.11 0.11 0.1 0.11 0.11
213923_at RAP2B 9.56 9.2 9.37 9.28 0.09 0.18 0.09 0.14
202690_s_at SNRPD1 10.87 10.57 10.61 10.59 0.08 0.09 0.06 0.07
36830_at MIPEP 8 8.32 8.23 8.27 0.08 0.07 0.11 0.09
201900_s_at AKR1A1 11.21 10.94 10.94 10.94 0.08 0.08 0.11 0.09
35671_at GTF3C1 9.44 9.19 9.14 9.17 0.08 0.06 0.07 0.07
Page 15 of 18
213897_s_at MRPL23 10.81 10.48 10.58 10.53 0.13 0.08 0.09 0.09
218667_at PJA1 8.4 8.72 8.63 8.68 0.08 0.08 0.1 0.09
202325_s_at ATP5J 11.52 11.2 11.3 11.25 0.04 0.05 0.05 0.05
202107_s_at MCM2 11.77 12.08 12 12.04 0.07 0.07 0.08 0.07
217932_at MRPS7 9.75 10.07 9.99 10.03 0.1 0.06 0.07 0.06
209507_at RPA3 10.72 10.98 11.02 11 0.12 0.1 0.07 0.09
203345_s_at M96 9.88 10.18 10.12 10.15 0.12 0.07 0.04 0.06
217839_at TFG 10.61 10.96 10.82 10.89 0.08 0.06 0.06 0.07
203351_s_at ORC4L 9.55 9.92 9.71 9.82 0.07 0.13 0.11 0.13
208799_at PSMB5 10.75 10.49 10.47 10.48 0.1 0.05 0.06 0.05
202764_at STIM1 8.08 7.83 7.79 7.81 0.09 0.09 0.07 0.08
209814_at ZNF330 9.44 9.11 9.24 9.17 0.1 0.13 0.12 0.12
53076_at B4GALT7 8.2 7.97 7.88 7.93 0.09 0.05 0.06 0.06
208728_s_at CDC42 10.13 9.94 9.78 9.86 0.07 0.11 0.1 0.11
201717_at MRPL49 10.58 10.87 10.83 10.85 0.09 0.03 0.04 0.04
210891_s_at GTF2I /// GTF2IP1 10.86 10.56 10.62 10.59 0.06 0.06 0.05 0.06
218524_at E4F1 7.9 7.56 7.7 7.63 0.11 0.1 0.1 0.11
200972_at TM4SF8 9.77 9.54 9.46 9.5 0.11 0.09 0.09 0.09
203415_at PDCD6 9.82 10.1 10.07 10.09 0.08 0.06 0.05 0.05
203315_at NCK2 9.61 9.86 9.89 9.87 0.09 0.1 0.09 0.09
201734_at CLCN3 8.89 9.14 9.17 9.16 0.07 0.08 0.06 0.07
214214_s_at C1QBP 11.05 10.8 10.77 10.78 0.09 0.12 0.09 0.1
217789_at SNX6 9.2 9.52 9.41 9.47 0.09 0.08 0.12 0.1
200948_at MLF2 10.22 9.94 9.97 9.95 0.13 0.09 0.07 0.08
205474_at CRLF3 10.14 10.39 10.43 10.41 0.07 0.07 0.05 0.06
205621_at ALKBH 8.85 9.12 9.12 9.12 0.07 0.06 0.07 0.07
202277_at SPTLC1 9.65 9.79 10.04 9.91 0.09 0.14 0.06 0.12
221957_at PDK3 8.77 9.18 8.88 9.03 0.09 0.11 0.1 0.13
201948_at GNL2 9.19 8.88 8.99 8.93 0.09 0.16 0.13 0.14
35160_at LDB1 8.35 8.11 8.06 8.09 0.08 0.13 0.09 0.11
216241_s_at TCEA1 12.01 11.69 11.8 11.75 0.11 0.07 0.06 0.07
201439_at GBF1 8.8 9.07 9.05 9.06 0.12 0.07 0.08 0.07
202810_at DRG1 10.83 11.15 11.04 11.1 0.07 0.06 0.05 0.06
218481_at EXOSC5 9.52 9.86 9.7 9.78 0.09 0.09 0.12 0.11
218269_at RNASE3L 9.44 9.17 9.19 9.18 0.07 0.06 0.08 0.07
200029_at RPL19 14.46 14.24 14.17 14.2 0.09 0.1 0.08 0.09
208833_s_at ATXN10 11.83 12.13 12.05 12.09 0.12 0.05 0.06 0.05
200953_s_at CCND2 12.66 12.39 12.41 12.4 0.1 0.07 0.16 0.11
203856_at VRK1 9.45 9.13 9.25 9.19 0.11 0.09 0.09 0.09
200903_s_at AHCY 10.9 10.59 10.7 10.64 0.06 0.08 0.1 0.09
213123_at MFAP3 8.11 8.42 8.31 8.37 0.07 0.1 0.12 0.11
202658_at PEX11B 9.35 9.62 9.6 9.61 0.09 0.06 0.07 0.06
218548_x_at TEX264 7.79 7.55 7.52 7.53 0.08 0.07 0.13 0.1
212320_at OK/SW-cl.56 12.83 12.6 12.55 12.58 0.07 0.06 0.04 0.05
202774_s_at SFRS8 8.86 9.1 9.12 9.11 0.1 0.06 0.04 0.05
205089_at ZNF7 7.17 7.36 7.49 7.43 0.12 0.04 0.05 0.05
204408_at APEX2 8.81 8.52 8.6 8.56 0.08 0.15 0.12 0.13
200069_at NA 8.98 9.2 9.28 9.24 0.1 0.08 0.06 0.07
201207_at TNFAIP1 8.43 8.76 8.6 8.68 0.08 0.06 0.04 0.06
216262_s_at TGIF2 8.97 8.66 8.77 8.71 0.07 0.12 0.17 0.15
203416_at CD53 12.64 12.97 12.82 12.9 0.06 0.1 0.05 0.08
200043_at ERH 12.46 12.21 12.2 12.21 0.08 0.07 0.09 0.08
201864_at GDI1 10.33 10 10.15 10.08 0.1 0.11 0.05 0.09
211185_s_at SF3B1 11.28 11.5 11.57 11.53 0.08 0.03 0.05 0.04
200640_at YWHAZ 12.09 12.36 12.33 12.34 0.06 0.05 0.04 0.05
203292_s_at VPS11 8.65 8.43 8.37 8.4 0.1 0.07 0.08 0.07
212321_at us includes gb:AB 7.33 7.15 7.01 7.08 0.09 0.08 0.1 0.1
200901_s_at M6PR 10.21 10.5 10.41 10.46 0.08 0.05 0.05 0.05
204360_s_at NAGLU 7.7 7.42 7.48 7.45 0.06 0.13 0.13 0.13
221476_s_at RPL15 13 13.33 13.17 13.25 0.08 0.09 0.06 0.08
218374_s_at C12orf4 8.46 8.73 8.68 8.7 0.04 0.09 0.06 0.08
201285_at MKRN1 10.04 10.29 10.29 10.29 0.1 0.05 0.04 0.05
208706_s_at EIF5 9.95 10.15 10.24 10.19 0.05 0.08 0.04 0.06
202168_at TAF9 10.27 10.55 10.46 10.51 0.11 0.08 0.07 0.08
Page 16 of 18
207438_s_at RNUT1 9.03 9.28 9.25 9.27 0.05 0.05 0.04 0.04
203667_at TBCA 11.34 11.09 11.1 11.09 0.07 0.03 0.05 0.04
218327_s_at SNAP29 9 8.8 8.73 8.76 0.09 0.08 0.07 0.08
221725_at WASF2 10.29 10.52 10.53 10.53 0.11 0.08 0.07 0.07
208644_at PARP1 11.18 10.91 10.97 10.94 0.09 0.06 0.06 0.06
211954_s_at RANBP5 10.5 10.76 10.73 10.74 0.06 0.05 0.08 0.07
212871_at MAPKAPK5 7.95 8.12 8.27 8.19 0.08 0.06 0.08 0.07
200802_at SARS 10.64 10.91 10.84 10.88 0.1 0.03 0.03 0.03
208678_at ATP6V1E1 10.33 10.57 10.57 10.57 0.05 0.06 0.03 0.05
200019_s_at FAU 13.83 13.58 13.61 13.59 0.1 0.05 0.07 0.06
202542_s_at SCYE1 10.68 10.95 10.89 10.92 0.03 0.07 0.04 0.06
218005_at ZNF22 10.15 10.46 10.31 10.39 0.06 0.08 0.06 0.08
209623_at MCCC2 10.77 11.16 10.86 11.01 0.09 0.07 0.08 0.09
220248_x_at NSFL1C 9.18 9.5 9.33 9.41 0.08 0.09 0.07 0.09
208623_s_at VIL2 10.8 10.52 10.62 10.57 0.07 0.07 0.07 0.08
243_g_at MAP4 10.2 10.01 9.93 9.97 0.08 0.07 0.07 0.07
202413_s_at USP1 10.66 10.88 10.9 10.89 0.08 0.07 0.05 0.06
217870_s_at UMP-CMPK 11.18 11.42 11.41 11.41 0.06 0.04 0.05 0.04
203075_at SMAD2 9.79 9.98 10.07 10.02 0.07 0.07 0.07 0.08
212269_s_at MCM3AP 9.29 9.55 9.5 9.52 0.08 0.06 0.08 0.07
212455_at YT521 10.68 10.81 11.01 10.91 0.05 0.13 0.03 0.09
209860_s_at ANXA7 10.69 10.41 10.5 10.46 0.06 0.05 0.08 0.06
200668_s_at UBE2D3 11.93 12.18 12.15 12.17 0.05 0.07 0.04 0.06
208822_s_at DAP3 10.23 10.42 10.49 10.46 0.06 0.07 0.07 0.07
208693_s_at GARS 11.86 12.13 12.05 12.09 0.08 0.03 0.06 0.05
209509_s_at DPAGT1 8.94 8.83 8.6 8.71 0.08 0.08 0.07 0.09
201288_at ARHGDIB 12.81 12.54 12.63 12.58 0.08 0.07 0.04 0.06
201121_s_at PGRMC1 9.56 9.81 9.75 9.78 0.05 0.07 0.04 0.05
201520_s_at GRSF1 10.67 10.91 10.88 10.89 0.09 0.06 0.03 0.05
217798_at CNOT2 9.54 9.78 9.74 9.76 0.03 0.03 0.03 0.03
206790_s_at NDUFB1 11.92 11.61 11.79 11.7 0.06 0.07 0.05 0.07
202522_at PITPNB 10.83 11 11.11 11.05 0.07 0.03 0.07 0.06
210759_s_at PSMA1 12.01 12.31 12.14 12.23 0.08 0.08 0.04 0.07
200663_at CD63 10.88 11.06 11.13 11.09 0.09 0.03 0.05 0.04
200086_s_at COX4I1 12.25 12.13 11.94 12.03 0.07 0.09 0.07 0.09
217848_s_at PP 12.61 12.94 12.72 12.83 0.06 0.09 0.09 0.1
202520_s_at MLH1 10.76 10.98 10.96 10.97 0.04 0.13 0.06 0.09
209040_s_at PSMB8 11.7 11.89 11.94 11.92 0.06 0.05 0.09 0.07
212038_s_at VDAC1 11.81 12.01 12.03 12.02 0.07 0.04 0.03 0.04
200016_x_at HNRPA1 13.59 13.37 13.39 13.38 0.04 0.08 0.04 0.06
200735_x_at NACA 13.75 13.56 13.52 13.54 0.05 0.11 0.04 0.08
201180_s_at GNAI3 10.97 11.23 11.13 11.18 0.07 0.03 0.05 0.05
217942_at MRPS35 10.17 10.41 10.35 10.38 0.05 0.06 0.05 0.06
201994_at MORF4L2 12.02 11.77 11.86 11.81 0.08 0.04 0.05 0.04
200876_s_at PSMB1 11.81 12.04 11.98 12.01 0.07 0.03 0.04 0.03
203095_at MTIF2 9.98 10.19 10.19 10.19 0.08 0.05 0.04 0.04
202941_at NDUFV2 11.77 11.52 11.61 11.56 0.06 0.02 0.04 0.04
201174_s_at TERF2IP 10.27 10.02 10.11 10.07 0.03 0.08 0.05 0.07
200065_s_at ARF1 12.17 11.94 12 11.97 0.05 0.04 0.05 0.05
202428_x_at DBI 13.09 12.85 12.93 12.89 0.04 0.03 0.04 0.04
201619_at PRDX3 11.69 11.89 11.88 11.89 0.07 0.05 0.03 0.04
214730_s_at GLG1 9.97 10.21 10.14 10.17 0.06 0.09 0.06 0.08
208720_s_at RNPC2 11.3 11.12 11.09 11.11 0.05 0.06 0.11 0.08
36019_at STK19 8.8 9.02 8.97 9 0.05 0.03 0.06 0.05
200975_at PPT1 10.37 10.65 10.49 10.57 0.04 0.07 0.08 0.08
200006_at PARK7 13.01 12.85 12.8 12.82 0.03 0.02 0.02 0.02
46270_at UBAP1 8.62 8.83 8.79 8.81 0.08 0.03 0.03 0.03
215158_s_at DEDD 9.13 9.37 9.26 9.32 0.03 0.03 0.03 0.03
200057_s_at NONO 12.63 12.43 12.45 12.44 0.02 0.03 0.02 0.03
205550_s_at BRE 9.4 9.63 9.54 9.59 0.06 0.03 0.04 0.04
200058_s_at ASCC3L1 11.39 11.16 11.25 11.2 0.05 0.05 0.03 0.04
200077_s_at OAZ1 13.41 13.2 13.25 13.23 0.06 0.04 0.05 0.04
207507_s_at ATP5G3 12.39 12.14 12.27 12.2 0.06 0.04 0.04 0.04
202892_at CDC23 9.22 9.36 9.46 9.41 0.05 0.06 0.06 0.06
Page 17 of 18
217956_s_at MASA 10.05 9.88 9.85 9.87 0.05 0.05 0.06 0.05
200713_s_at MAPRE1 11.67 11.85 11.84 11.85 0.04 0.05 0.04 0.04
202117_at ARHGAP1 10.42 10.25 10.23 10.24 0.06 0.04 0.05 0.04
200818_at ATP5O 12.66 12.87 12.81 12.84 0.04 0.06 0.05 0.05
222021_x_at SDHA 10.64 10.84 10.79 10.81 0.06 0.02 0.05 0.03
202961_s_at ATP5J2 12.38 12.17 12.24 12.21 0.04 0.05 0.04 0.04
208801_at SRP72 11.21 11.36 11.42 11.39 0.03 0.06 0.03 0.05
201754_at COX6C 12.89 12.67 12.77 12.72 0.04 0.02 0.03 0.03
204093_at CCNH 9.94 10.08 10.12 10.1 0.04 0.05 0.04 0.05
200007_at SRP14 12.35 12.17 12.21 12.19 0.03 0.02 0.02 0.02
200694_s_at DDX24 10.76 10.91 10.9 10.9 0.03 0.04 0.03 0.03
200614_at CLTC 12.7 12.88 12.8 12.84 0.02 0.05 0.03 0.04